7536
2517
9408
7359
12648
9374
9880
6176
4798
2276
2850
7775
1977
5289
10720
7119
2720
4152
7080
11300
5837
5298
824
10421
12622
12373
4981
11110
12286
200
3517
5527
5728
1673
1166
8099
8173
9277
6933
10730
379
2666
1532
260
11953
12061
10314
7163
11148
9428
224
1126
3906
5508
488
12758
12137
4051
2877
9503
1449
3596
2594
6862
2682
916
7160
5148
10302
11904
8253
8006
8905
11573
9144
4850
6266
10159
2855
10317
3958
1063
7521
10495
4472
1059
5070
3773
11194
11608
6198
1642
906
5584
11215
1582
8229
2466
3230
1477
9104
2305
11009
17
2016
1581
5694
10888
4593
4407
10122
11685
4
1701
5339
4762
10157
5033
2903
5785
2879
720
3721
5001
10777
11957
4120
2104
1347
11895
608
10688
10482
938
3564
10890
6273
12527
5784
10023
2648
10006
11331
8962
2674
4854
11046
1810
1326
1496
7003
9617
12678
5530
11274
7650
573
3301
2114
6100
9406
5801
11230
12347
10711
1211
11059
9082
71
5657
9396
2697
8792
7788
3493
11986
2897
2871
6337
10371
208
8361
7372
2895
1750
8307
5237
10734
11821
12231
2028
1306
6668
11859
4212
7064
2519
7261
6863
563
4592
11555
2644
7808
12327
6738
9699
11752
7179
2239
1313
4033
7780
3060
4491
4453
11615
9688
8238
12361
2940
11852
2602
7793
2687
438
11664
9312
828
11712
3357
7342
11834
6507
7508
3406
1835
2837
1446
1224
5349
11096
8753
3211
8890
12095
5487
4788
10186
7516
11830
12305
5974
9526
6076
4913
7379
576
10007
434
378
9477
7220
7768
7028
4145
12737
842
12060
11257
718
8274
2640
4094
3257
2254
912
7390
4268
9447
1504
12769
3297
2701
8401
7204
12665
62
5977
6309
9863
1691
7085
3188
8937
9125
10489
10671
459
12764
3185
1210
5606
7921
11514
9993
10417
4190
11989
3432
2685
5434
3560
5285
9514
12578
1400
4163
1181
909
6243
6473
5778
3589
4050
2937
8892
6306
11850
2617
4096
10212
6789
12002
2434
4043
10158
5078
11901
8779
4327
12708
6498
3825
2490
1573
10447
11856
7473
6753
3822
8692
6140
2612
3862
1683
9052
12673
3761
5083
6551
3051
4117
7312
7111
6775
3899
4721
6385
11686
5028
1421
1719
6270
7025
11718
12261
11505
7662
10372
11897
10677
9075
4131
403
2065
10642
12007
7234
12073
2264
3657
5920
7343
4134
12320
8390
3588
1422
1120
3414
10846
5910
4011
3967
674
1877
9488
7964
4110
5819
6291
11795
3384
7170
1081
9266
6497
880
12078
9441
2759
6901
11884
1203
836
1948
10698
6678
9099
3583
2884
10889
11033
5228
7879
7642
5459
10093
8795
7942
2203
11488
11085
6352
5576
11839
4717
857
2845
11921
5245
9432
7053
9391
3722
5155
8538
659
2740
12438
5258
6866
6349
7718
2284
11657
8845
1839
11402
4885
2026
6717
6559
6041
8100
7132
10881
4538
8350
11678
5579
7321
149
6386
2586
6970
647
11135
6107
8122
11028
1658
6685
5178
9753
10779
1252
10542
2609
10975
10129
4920
4867
2322
6504
643
3737
11596
1124
6017
11554
8365
9535
6893
8087
11162
2791
2266
382
7068
4344
12285
4321
11270
658
4664
12656
11109
5640
7684
12572
11835
4451
6367
12350
4865
4383
7667
9034
11992
6759
1183
4366
1229
10986
5453
5547
1182
8079
5277
4657
10612
9927
6312
4475
3437
1416
885
9951
355
10812
4035
8407
10061
2919
7101
9888
11720
7061
9444
3603
11348
5044
547
3317
8936
10830
3926
8930
11197
36
1146
10971
474
1167
4730
11911
4046
11459
3304
12780
10811
9592
12714
592
10015
1757
12344
3147
3209
4748
2926
4921
8215
4159
9944
6378
7841
2290
1429
2558
1117
12687
8857
8479
2019
2004
2949
4779
6301
1104
1071
11935
10420
143
3486
11855
7282
3510
9336
3407
803
1408
4484
12165
4866
12762
4971
1909
2222
6543
9235
5412
5111
9111
323
7433
927
2830
6147
6026
11205
12432
10337
10299
1092
7270
9238
6545
578
6732
1841
10672
2438
11309
375
3710
1960
6059
10532
9599
8788
12456
7192
10581
570
8601
12398
10499
1079
1019
8237
12553
7633
829
5365
11147
4176
9316
11832
9128
6135
8313
1690
9131
9435
9089
2752
7225
9126
4378
5947
4774
11842
3291
514
6989
289
1419
758
12630
9732
6799
8161
10546
450
5539
4809
427
64
11893
12530
12316
7216
10626
12138
3015
1523
12537
12166
9218
9060
3322
6245
5363
11479
12565
3578
4914
4851
1192
7083
8686
7556
2326
2516
1481
10765
3760
8893
7798
12515
9078
9517
12463
951
11595
12720
12497
6987
2757
6631
6993
823
11106
5132
5689
5469
9877
12343
5836
9756
3274
594
5345
1822
1487
11421
11168
6052
3811
8585
8249
1754
11177
5549
11198
8409
3632
10347
8180
2611
3464
1342
8063
8048
6974
8698
4807
10114
4019
2630
11617
211
8767
11469
10266
11417
6985
1283
8450
5696
11443
4364
8855
6347
7742
12776
8912
8737
7886
4529
7240
5843
3849
6004
10531
2115
8757
5499
3959
10994
12141
4658
4040
3800
2548
11518
11512
8578
10259
4157
11336
3300
940
742
5123
7916
11460
2885
6161
12726
2025
4326
3169
10517
7607
5049
6983
9827
615
10917
11675
1982
4490
10092
12273
3704
1466
12628
7907
6238
3360
9362
11165
5583
7166
981
2005
2336
9669
10147
1520
10479
231
4581
3366
9402
10201
4001
942
9387
9213
7081
3685
5055
2625
12756
6916
5575
2281
11289
6771
5823
6151
2146
12690
8908
12426
137
11091
2333
11092
1910
5065
5550
3283
1380
11025
6255
6959
6646
2694
4285
6943
9325
2656
7042
6325
6490
3690
7703
5052
12663
0
7383
9643
7292
11238
9401
6055
7559
10488
10902
3519
6919
144
3950
7246
4849
649
7765
5341
814
3370
2398
10139
10508
8170
626
3423
7858
8784
11097
5765
10331
723
1784
2526
7497
8642
580
4459
7324
9929
12529
4394
2860
8961
10209
12114
11065
12745
3798
6501
3527
7887
4439
10737
11710
3996
12211
210
5188
593
4498
3044
11908
6365
5183
9174
104
8108
8344
12645
4844
9997
1913
10835
9966
12789
11388
3199
7657
5441
1711
2831
26
12666
11057
7388
7995
9439
11030
8202
1132
4906
12791
4800
1433
1363
7136
4815
6733
6414
3064
10703
5224
6208
4872
10915
1705
2945
11292
10089
6121
8219
12341
11603
8828
4462
4886
5572
3309
12216
465
6029
376
12028
2893
8766
1202
8400
3085
2990
2299
1968
5250
5027
753
4230
12670
4143
2551
12672
8026
772
5597
3343
12121
3217
2117
1914
1250
11462
12508
98
2064
7950
4961
1349
6675
392
10164
5822
4824
6348
12654
436
11553
159
11647
8856
10174
3662
8132
2588
1855
4181
9036
3562
6283
7208
8306
12787
11392
1565
10767
9184
10425
10946
6379
11569
255
4799
12643
2710
12460
5397
5410
5870
1100
3776
821
3263
10501
4705
5418
9999
511
9102
11582
9779
2474
12466
4856
8868
3194
10083
5331
652
11284
12723
7996
3236
2435
8883
2619
4012
2084
2502
3114
2417
8043
9152
6870
6772
6188
8333
12191
3193
12597
7896
6205
4359
6895
6688
2070
12448
4464
4957
11572
5479
1539
5362
9329
7304
7066
7425
4895
12491
496
10783
8898
6699
3223
1340
2724
6239
6595
5937
11766
5129
472
7785
7106
796
11793
3183
9478
10895
10338
7904
10430
827
4892
3287
8707
11241
6994
1123
12710
2974
11170
8739
9711
7970
3637
3113
4644
4623
10388
12562
7746
9500
8252
8347
9005
4202
7730
4018
4074
8162
12183
2049
8360
229
2220
6296
7753
5757
3981
10996
11612
7584
2647
5344
9621
1047
7748
5919
12644
4822
11711
12685
9814
9328
7227
2725
12705
778
9188
10718
10106
4499
422
750
3619
12434
4204
12786
10177
8205
7721
5047
1293
1684
10646
6947
39
6361
1434
8704
693
4550
4009
2854
5737
7290
10886
4242
12402
2781
4750
4616
5333
6877
8282
3711
7327
1274
11330
3698
7054
9464
6470
9737
12176
2695
1411
8732
1956
5619
11982
11625
5999
12299
11125
12045
12093
4002
8363
7385
2468
9682
6317
9727
5542
12135
8988
1317
9738
2167
11294
4017
11652
10604
9508
426
4950
5025
6900
6327
4024
4718
7137
1587
8545
9781
6846
7102
3803
8929
6112
3682
4984
2426
10940
4918
10829
10794
790
10653
1270
998
11601
456
2716
8705
9289
8817
315
9969
8951
6793
2896
6510
9775
9361
1289
2972
7875
12759
1540
10382
8769
9228
8301
3000
5352
9357
512
6095
8481
11370
7544
6396
2134
11035
6718
7567
6768
2389
8620
2950
4915
9847
6549
5914
6163
984
7049
3615
11043
7958
3847
11253
4737
11098
7065
3671
11948
11955
2396
2705
5035
5799
10515
10496
9405
10648
7421
3416
242
11279
7381
2371
11645
7602
9723
1033
6154
5130
10978
8357
9610
1402
172
6346
12027
11250
834
1335
2086
8139
9509
1906
7935
3126
11010
3784
2374
6720
3604
3480
8576
8555
2501
2908
2173
12128
6797
11072
8827
7062
3460
982
6252
4254
4521
7415
11071
5030
10660
8420
4716
7531
11861
6956
5452
10256
3411
10561
7569
2746
8553
7339
6435
8949
3504
6512
11408
2563
10691
756
10903
10231
12651
2257
5959
10645
8901
11873
9655
6502
11431
1831
2332
6610
3736
4053
2092
2670
11790
8083
5283
2022
6471
11669
8712
3069
2274
1580
10836
12041
1851
11493
4700
12249
9593
11946
7594
10797
11265
365
8228
7767
3882
1046
2808
11529
12001
11644
12698
215
11337
3445
6644
4266
3004
11164
4166
8312
2171
5432
9364
7646
1110
1037
8800
10611
10035
4584
11915
4333
6934
8635
449
6809
6833
8116
2366
9397
5313
4248
7638
8330
6556
5458
2452
3106
11341
11227
45
893
11364
7987
2231
9624
7409
5211
8461
9923
3130
4992
2571
8558
946
9907
12484
9317
6578
1459
11068
8818
4292
7235
1915
983
11346
1060
3660
11977
3523
1724
9677
8931
9392
8156
11827
10848
9506
5417
7644
9347
82
1484
3612
11506
9481
7949
10124
6290
7713
9801
2252
7751
292
2342
3703
431
5833
8104
9883
9787
788
682
2909
5210
2677
11374
2642
2166
835
3542
4021
10576
6637
12280
8649
1085
3285
6416
4796
10621
5137
4405
265
9358
6469
12342
2367
1662
12169
11806
2496
5515
1445
8694
8562
9112
6939
2195
11129
8378
5668
11789
10969
2270
12185
6038
5923
8403
12190
8470
7868
3050
6858
6430
7493
2278
6314
8629
9995
6083
9370
7404
2259
3829
5348
12473
2162
5766
11267
5691
11941
1227
2973
8926
11256
12524
11375
10745
11902
10269
2672
2334
10689
236
2498
303
3369
9609
2557
3985
1826
8935
9038
875
205
5356
10616
2010
7125
10217
7313
6622
11709
1021
4821
7174
11160
2369
10507
9027
6903
1837
10258
4064
11171
1437
4878
1475
12561
8731
1095
8700
2325
4311
10845
3702
7505
3350
7067
12256
4236
972
11541
2636
1486
7890
417
4252
2833
1426
2665
12323
12605
3070
3715
4189
176
9672
7195
2994
12126
11794
10831
10778
8542
11013
6926
11938
24
8454
8112
11189
1315
6371
4314
3530
6531
5513
11383
2600
10406
1873
5495
5561
6118
8436
714
2403
11220
9065
8448
2447
5281
6463
1525
924
8575
6235
2766
2988
9627
2424
9704
882
451
4061
8939
9463
169
539
10706
629
7293
1674
1964
12725
7461
4969
3212
5232
5608
1385
4290
3665
312
10105
11746
1949
12546
12470
1840
1994
7791
1771
9339
1657
5220
8644
2941
1584
10750
8761
5153
10910
12433
8435
244
2316
4558
4100
7285
9740
6649
4264
6392
8346
10054
6963
11190
2777
453
10017
2395
12748
1832
5815
10637
7474
8105
8460
516
11534
4380
6316
3585
2442
991
170
12142
11216
8421
3846
6131
3820
12585
6232
1834
1125
8387
1221
9890
9032
11871
9353
2241
3769
6563
7400
11002
2436
683
4684
10466
8184
316
3187
4817
7815
1098
7178
4222
1988
4404
12082
3732
1065
671
6670
7510
12675
1942
3462
2255
4675
11782
12531
2610
10058
2109
9055
3031
9436
595
2234
2796
5389
8756
12752
11978
1373
4568
5560
1453
8185
7135
5656
6226
5386
2346
9356
7206
12337
8973
9663
4939
2382
12699
4184
3940
5484
1783
6136
11333
5551
8539
7463
8727
6522
12521
3388
8241
3609
254
7133
299
8465
8316
9575
5667
2192
7021
10530
3747
5054
2607
10473
10981
12664
95
1735
4527
11882
1280
5944
10113
11516
5087
10368
4793
1412
8300
6067
4753
10009
6204
9467
1579
8895
8943
1337
3272
2916
9571
502
9053
11483
1919
6621
12340
7365
3361
406
1921
5940
6604
7963
12461
7426
7058
4876
8151
12691
572
8821
8298
10511
12574
6143
6310
2702
7263
4257
2645
2351
6584
3922
10274
11643
11745
5236
1201
9129
5090
3844
5170
3577
10380
3062
3135
1554
3602
3400
5862
4739
9924
5330
10693
7648
7141
8455
6494
2947
2822
1118
270
810
5034
8548
10901
9133
2744
4282
8648
11052
1941
9994
2238
8522
3180
993
1838
11011
3072
4582
2107
4874
5182
12774
10288
4015
4672
10275
1678
9306
2370
8120
11261
11773
5717
10856
1461
680
1789
3848
3839
11544
9794
2537
7637
6062
1268
6268
4997
10675
3099
10956
5820
8604
6821
5739
2262
12303
2886
786
6582
3879
10751
12435
1048
12179
1007
1187
8932
10109
12403
11055
5884
5860
7932
3900
10843
9511
10411
1394
8966
4523
3093
9028
7762
12173
2121
11249
9074
3318
8682
2750
9499
4591
2339
5807
8059
4702
2128
5987
3097
11377
9952
4335
9962
11382
10270
2072
12738
3827
11951
11769
4447
3916
9507
7164
6638
9167
6837
1189
6530
10630
10033
4153
10601
5770
10639
3816
3171
8317
8295
7828
9912
9390
10416
3666
12449
5967
11526
6236
10882
9400
12653
9372
3650
8606
7370
9974
7786
5221
1664
8598
10034
2616
6843
10245
9192
8843
12358
6157
484
73
6769
12015
2782
1641
4853
11654
5266
6740
10068
920
6123
5024
7272
9295
11939
8602
10402
5038
9498
2982
789
11178
12118
1119
4642
551
10330
9259
9798
11188
4072
6838
9212
4173
10169
9960
6094
3354
987
10002
10927
1529
7197
3275
2816
10518
5697
9867
6328
11496
11394
9828
3421
6141
9581
3112
347
8382
7616
5020
3526
11867
8379
5261
9831
771
8167
4910
678
3213
4289
4975
611
5392
10037
4701
4084
6568
4802
4832
7732
3980
2799
9494
1303
2971
11626
2225
6108
2400
12542
4098
3008
11843
4219
1985
926
6406
8841
10874
6912
10467
3073
6562
6652
12089
363
9632
9334
12013
2293
10268
11840
4154
4768
6854
2464
5278
3152
11476
4519
10776
6145
10655
12765
11123
10564
5609
1173
5380
2732
7001
5057
7719
495
2657
11636
6088
4842
3693
7218
3634
8693
12440
3425
4722
6363
7026
510
4703
709
9681
10705
11042
6694
10316
9588
9566
4679
11429
10044
10809
12563
9159
10162
9646
7172
2054
2653
7892
6684
3367
830
1929
10063
6847
11564
4010
5101
5186
5387
12441
10999
819
1900
6451
8392
2624
565
8208
9909
2802
9813
3927
7549
12692
141
7866
6437
9533
9088
6345
6527
2368
9802
5119
4341
7843
12472
9001
10290
3932
11231
3111
225
3455
10825
663
4583
2503
3430
8271
902
12328
12773
364
7582
7434
7336
4055
2209
6034
3780
11778
11378
701
6063
10179
4580
5169
12595
10844
5102
7553
8520
9189
1786
5189
3063
9752
9875
7615
4441
9585
4987
4754
8596
8231
4629
6883
2267
10076
7986
5022
8634
3924
10622
10294
2432
2882
3045
12322
3610
10077
8221
11324
3273
2668
319
9518
6336
1116
46
4648
1828
10128
78
632
9749
1594
6958
7431
10725
4232
3204
9117
12464
8030
10431
2454
10587
1319
7005
978
12319
4773
67
4007
11940
1084
383
5142
2147
259
3725
5532
4424
2089
8615
10445
6282
8203
10897
12580
3953
3463
2639
4555
5587
9838
469
7357
10285
10426
2569
4493
4240
3018
9466
12600
8377
2996
1547
3201
3452
3323
10608
4600
2852
8610
2018
12512
3122
6614
5016
5863
3934
3529
11623
890
1787
748
5775
418
2340
6968
662
9220
8813
4433
4492
1364
2507
12333
8150
7262
430
2473
11064
2297
5369
5445
773
9416
10492
785
1026
11907
6439
10732
3032
12797
6355
153
1741
6410
7540
7251
9640
6536
5854
2414
106
6528
6541
12550
4941
6374
8335
8242
4357
8304
7086
10657
8797
10116
2056
1715
7248
5772
11757
11356
11457
2363
4729
2861
4156
7139
5592
11193
11533
907
7131
3744
5413
5610
11878
9809
7699
8556
3129
5074
1448
4652
1404
10633
5641
1999
2603
4374
1455
72
4651
94
11822
8805
6192
9318
11203
3965
10195
2475
6565
7797
8288
4827
630
7476
10401
1700
3884
9558
711
7962
7185
10930
6051
3783
10523
9383
4647
9520
7547
10050
9373
5611
12743
5194
4141
5541
485
6913
10456
2199
4926
11424
6884
2576
9061
1643
6096
8790
12658
12244
8057
1510
5613
4343
2679
3128
3489
1128
11523
2820
2699
4962
12615
6663
9020
7760
5753
8474
3250
4294
7076
5105
6844
11114
9342
2379
12722
11668
11269
1514
10390
7697
8053
3633
9820
3116
874
1008
7156
5916
5858
10649
8089
12718
11455
7928
12431
10458
5416
6042
9713
1276
1245
6909
12102
334
1230
1294
7103
1824
32
2748
11739
3102
7940
6421
1981
6089
9860
11478
6191
7605
5197
11993
4637
12702
9245
7046
1148
3487
5555
625
11786
1208
11113
1785
6805
10747
12362
48
177
11719
2566
6683
11255
54
1164
7007
6593
8419
3696
9567
11961
8920
12655
2938
3539
5949
10182
4160
1798
11290
3374
10278
9696
9355
4696
7701
1895
7300
3730
196
5212
7052
12100
3390
3159
5629
12618
7899
6653
5464
7523
1285
4954
9162
70
5693
8662
2789
5570
5080
11987
6370
12189
9442
3016
6842
7635
11418
9531
5317
10156
345
11034
2828
1161
944
6169
12059
7023
2876
10925
11224
7114
6468
1462
8123
11991
3225
3757
5877
10075
10534
1108
10141
2738
506
3569
3787
10602
121
3100
6144
12613
10271
851
6132
1712
7187
10710
5385
11275
3499
9803
7737
1923
5161
11605
4223
10188
1439
676
8861
471
3828
116
825
10760
6790
452
10264
3956
9243
3686
2905
2384
9915
7988
7213
5552
4610
12717
4559
2673
9345
3923
9840
9680
4091
6571
4643
1665
293
7632
2205
2784
560
4330
4496
8001
11966
11212
155
7155
4995
6992
2248
9921
9354
5755
4830
9562
8109
8984
1858
11560
9620
9451
791
5993
3944
3813
2108
9805
8284
11677
5763
12785
3570
11195
8787
12575
6641
11387
10184
3745
5849
9350
9792
6434
4473
10301
6927
12275
10047
7546
2585
7259
5986
8588
11075
9841
11637
11107
5135
8880
7681
8074
6308
6540
8351
6486
9861
5367
6940
6782
10690
6801
8675
3311
8837
11389
1055
7961
7221
9308
1218
3150
11970
11796
5866
7590
3651
11150
11498
10565
8871
9570
11619
9262
11550
3353
11963
11161
2331
4792
10121
10629
6645
4530
7333
1806
9493
9057
7574
7401
7495
6812
8523
5650
1035
2883
11888
2182
8746
5336
1094
12091
661
311
11872
1029
8199
10191
6231
6070
6845
6230
12422
10197
3680
6075
3830
2210
9083
5637
12181
8458
240
4028
10030
10160
6279
4241
5122
6915
258
5379
10349
5905
7011
3919
3984
3894
4420
804
10468
11344
3123
4313
9866
4931
8862
8533
2917
8838
6803
1304
6264
1360
10019
5506
2898
7345
872
7917
7043
3741
8476
8029
1443
745
7844
2175
12462
2062
3173
4485
627
5713
5687
12520
3260
6000
9817
12590
12740
460
9017
5253
6703
2596
11662
2338
12063
12182
10446
12381
7849
4989
5883
10588
8801
11618
8574
6405
10095
3544
5537
6697
2856
2669
8328
5994
5720
1239
6248
3441
4983
11868
6781
1200
9917
10080
8060
4339
4185
12551
5810
2910
11182
2093
2775
1612
4071
1803
5626
12511
3720
3525
12079
6555
12184
5306
6114
9194
2521
1836
6016
11236
5072
9156
10250
12557
2956
12161
9193
1755
9040
4791
7906
5934
6564
12640
7122
108
2165
6353
3068
8143
12209
1077
6623
10787
1332
7245
9777
904
4573
8928
10066
7077
2067
8107
12004
2079
174
5314
3636
9136
5630
8592
9796
4711
767
4229
6817
12223
7750
11914
9613
1979
7182
2113
9985
10321
9273
5898
815
4688
3378
2397
6806
3777
6814
4845
12292
504
3010
11149
7475
1388
2227
6465
9304
12554
8402
4102
3470
11543
1325
5371
11722
7931
10695
3911
736
10127
1333
10790
2100
4047
8502
2875
6472
8207
1616
38
10805
5361
765
11942
3344
1865
2681
4767
9366
5672
9182
4168
4078
597
8945
589
9931
9013
1407
1953
5814
9472
3925
2355
4755
10085
8887
5263
2857
1396
2298
2635
6433
4980
8782
7091
11244
8406
3028
10526
1627
199
11548
7413
7142
8014
4577
5655
1307
12049
2715
7654
9190
12376
12245
4525
10682
2641
2170
10753
6998
3258
3494
1000
4095
3336
9242
4778
12038
3331
898
146
3756
6592
11041
1141
2177
490
6630
6375
12252
5804
687
12112
4316
11026
3459
6179
2191
6869
2683
7436
3973
10739
6590
766
9211
3540
9932
4211
11158
813
3631
5548
3701
2263
11321
1995
7070
1043
18
12136
7032
4137
8684
3253
5395
12158
1204
12232
7610
8463
4597
3207
9
3764
3819
1947
12719
9452
847
9261
12058
11018
320
4296
8247
3254
2991
2765
2978
8209
5559
5802
4655
9955
250
5095
8710
8160
5521
9291
5793
4388
7440
9635
956
10607
8394
11519
10572
6741
10267
2488
8487
4520
4690
10306
11996
9716
2943
5805
10822
9631
7883
10763
11310
5811
2880
4125
1670
1013
9769
7946
5892
2633
2627
8077
532
7008
12262
11489
5834
3474
10596
369
4752
8149
7012
11510
6244
4199
7093
861
5154
10666
11040
2525
12200
3509
4912
7934
5490
1472
4633
1031
6482
990
4261
11903
8302
953
3454
367
12779
7138
11819
12409
2151
9300
9110
7265
11342
11280
10647
2186
7393
12075
8993
7577
4614
3890
8092
7908
2268
7465
11923
5510
1859
6778
34
12667
7277
3433
4067
4783
3723
10071
8114
8921
12012
740
3824
2242
848
6046
7972
2846
9039
6381
1933
10165
3473
10923
187
4412
7063
10403
6980
9879
7121
9709
8665
11962
11919
1777
3431
3252
3138
10324
8179
1273
5108
6053
6850
7500
1572
4345
2377
9241
4639
9947
10509
529
6065
9389
5498
8924
8417
3716
8154
4367
11515
11820
10678
11663
9651
10123
273
4267
10154
5002
7740
6146
4972
3905
9829
3397
10060
5179
4567
44
1946
5603
3908
5871
1269
10222
9975
4057
10292
3333
12104
8637
6750
2461
5558
2296
8567
1042
763
1730
2859
6881
10125
2402
10043
8981
5960
5312
7494
5338
8198
7954
2887
8724
8270
10384
8234
9006
5885
3181
11549
11143
759
4369
214
12377
703
10944
5832
9710
318
11944
1887
11151
2172
8763
8066
1567
8018
6209
10950
6369
4601
8519
7613
8323
1152
11319
5666
11841
931
7168
5045
7029
7675
10756
7984
4253
6480
294
7535
10802
1574
3775
1271
1709
8287
7787
10708
1305
9695
1652
6072
841
1886
4562
2090
3712
3208
5585
10471
1106
9276
3392
6795
12669
9108
4303
4828
8398
3978
7821
8303
5325
9460
7688
10483
571
9742
2514
9257
8683
6616
3766
12348
7599
1726
4680
6667
4115
8226
11694
9658
10837
9450
5966
9491
6039
10385
12051
9176
6197
4144
10146
10049
8336
787
12287
3120
2153
11095
764
5223
780
8975
12746
865
1374
3887
10395
12311
10389
4704
6126
9963
2577
8586
2946
8832
12741
11247
9719
12429
955
11295
6237
3595
1776
4455
2282
11339
11558
3727
793
12657
12684
10108
7847
9204
5279
642
2179
3762
10437
3326
10887
7705
11753
12177
11932
10935
8906
11051
467
10150
6532
5494
3853
5918
3468
1807
6318
1555
4457
1278
5214
9101
5825
8670
2933
4725
4572
6104
3904
8999
12010
1764
5504
9068
10697
7911
6045
4539
6242
9754
7665
7833
10117
6293
9290
6267
8947
11900
5069
5856
538
8922
4998
5334
4924
8785
4023
2495
91
3971
9292
2907
1992
1054
10539
5125
3202
1150
1162
5198
10248
6493
7583
5535
3206
640
2449
1004
6450
446
7965
4025
7836
12739
5747
5732
4467
3821
12614
1898
3178
9340
4518
7024
6368
9625
10939
11119
6499
3027
11447
1930
7127
1370
9623
11979
5950
8028
5827
4070
1473
5512
10327
1267
2497
7210
11536
5425
8117
2034
1432
11687
6286
2581
12513
3413
2261
10173
2014
7533
6181
9486
845
12775
2155
1688
9715
7924
10997
7757
5067
11122
2315
12247
7914
5086
374
7173
12700
9865
11133
7712
2467
3268
9186
3483
1040
3033
12092
6281
2082
139
6496
10557
439
9479
7297
5683
4613
7691
11973
3611
4860
6257
8444
9115
9689
5982
340
8010
3912
5172
8233
2116
3807
4565
1158
12693
1696
8399
3641
9868
9246
182
3146
12697
10583
6674
2928
6214
11568
8364
1899
1603
5511
557
8438
989
8318
12751
466
8964
7534
7271
6448
3325
1522
3286
5204
7891
168
12313
11112
812
11974
11567
4502
1668
10073
6261
5291
7960
3500
10427
4140
2800
6358
3052
10868
9986
12192
6951
9154
3142
10161
8125
1032
6810
1896
7378
1746
5929
7056
9202
4288
12196
10353
11956
7834
12331
9062
5777
6597
2201
8849
11507
8368
5269
8513
444
7095
12642
12219
11997
1987
12005
2310
10335
5879
2013
7347
7498
10772
9747
2858
5218
9382
2088
3025
11629
9900
2753
9157
5098
4164
9833
11264
11779
9411
9003
9457
8900
10758
3708
2373
4112
5962
8593
3617
6175
1011
1468
6633
7754
1451
802
8115
2212
5981
1507
6487
12237
3086
9998
1629
4603
10272
522
10151
8852
6360
4263
5761
4300
6657
1361
1704
6165
6158
2580
3668
3305
6246
1002
424
8764
5113
8612
9605
3870
14
3797
3591
2219
272
5408
1072
2711
688
8373
11881
3815
3901
2429
3889
12593
7303
8324
9051
9178
6489
10399
8277
11039
1243
4536
2190
8464
5450
1585
4227
8090
280
5488
11566
5745
1944
4991
5007
341
8696
164
7585
2515
1958
8353
6825
4574
3007
9035
960
10807
10218
12589
5257
3673
607
2509
9668
6969
2964
5706
11696
7581
11139
988
10099
8246
7253
10257
3895
2770
9502
4488
9079
10593
1773
5830
6120
428
9633
782
5743
7252
8773
1756
1379
10243
3174
3363
1725
4216
6271
8681
1813
4478
276
107
3678
5036
228
6533
3175
10640
12602
7489
7692
7201
2145
6617
6861
1184
7249
4234
9729
8661
5051
10394
5043
12283
2206
7884
5889
7672
5355
4416
4277
7818
12106
12626
3313
2321
12228
1339
409
3935
11864
11137
2745
6636
9702
5930
1213
12795
4937
8211
2504
6129
5721
2853
11659
74
10724
1491
6944
3328
5505
936
2456
6566
1023
8759
3205
12784
12291
3067
2999
5032
8527
3606
462
4127
8094
12097
3754
1961
4671
6319
3090
5851
9417
1952
9146
5903
2309
12400
2413
2969
1814
3990
3684
707
3224
8096
3107
6022
3707
7600
12388
8052
8783
8341
8214
4566
5056
192
7435
4379
667
12201
12564
4695
10078
7790
10485
1133
4466
5191
6647
12036
3814
9958
10512
8186
5160
12465
6743
7796
6426
3084
1022
7332
3157
11788
6928
1064
8959
1336
9649
9881
1623
3951
3861
261
6220
9385
8859
6709
1912
3427
525
2542
651
4008
8969
12660
3735
9207
6178
89
4052
11354
8965
7532
591
3597
338
249
12070
9855
12186
7280
6579
4786
9381
5781
9322
2918
6155
10443
1378
5225
7901
2226
10383
10293
12255
1345
6773
9272
530
5688
9601
1420
12134
4210
6344
10340
3023
11360
4346
11248
9956
6397
10900
7340
3860
533
2493
10311
3888
4186
11363
4659
8875
5021
6609
10527
9773
3047
8276
11528
5779
2966
7316
7018
8591
9586
3939
6412
2265
4801
4384
9284
4150
9744
9424
2074
5116
10040
5433
4982
1175
4146
1320
7380
8594
6557
9465
11263
138
8283
3349
9725
6999
6658
1516
5912
3355
8521
173
11307
9842
5364
9693
9443
12588
588
11128
4709
6558
12652
2095
8771
8654
4598
12020
4770
11076
12125
6274
342
10577
7969
8091
3170
7831
60
3164
11726
55
3936
7256
8611
11027
3920
167
3166
4715
6050
10934
5301
11853
4470
5048
3449
6539
10842
5817
8383
8467
2714
7823
6811
1889
11432
9021
1916
9961
8540
7614
12573
8863
11434
5578
12266
9158
11111
4291
12411
12123
11298
4734
2119
939
9654
4890
429
8072
4837
11638
7422
8740
3535
2756
102
5106
11126
4871
6289
4269
11141
11301
5264
6727
4434
3019
9041
10276
11015
5496
6398
2213
8958
5988
10594
728
8034
8380
7656
8131
3883
4999
1194
11006
7446
10574
10878
2232
11933
5216
8265
3277
10134
12485
10847
3587
3039
11680
8032
308
7167
4526
1257
7674
8946
10976
10253
7015
8803
8359
12057
10087
7873
3080
12288
8658
1322
9795
489
6354
11772
2605
9557
2160
4494
3751
6591
919
5321
42
2870
4255
12241
9659
7835
12207
1848
5299
8735
11252
3383
6366
4198
1254
10754
9163
3832
6263
7745
4699
9151
12458
616
12682
1359
2866
11787
6815
12107
7927
1292
12679
3620
3061
1713
11413
8413
2012
12172
11585
5980
11497
4013
3081
7640
12167
10712
2712
7207
11445
11715
9267
550
9251
7254
11492
7819
8899
12478
12455
11763
7296
5591
147
12417
10312
1163
4636
3404
7830
545
7189
2023
8734
6442
11081
1435
5255
2243
9426
575
10172
3937
11070
5311
784
1346
12251
9134
5438
853
1469
7349
12088
6321
12387
12206
4235
933
4627
10051
10463
9707
922
5270
6233
10820
8762
1842
12443
3479
7149
3963
11045
6885
6755
10251
7384
11184
5653
267
1010
11482
3840
11130
2628
1897
4641
10987
1676
7247
10469
10282
1137
9161
8325
2187
380
9127
9641
515
4044
10241
10493
11251
2287
4195
9637
3403
11074
197
11648
10102
8697
9084
10487
4570
6820
2927
1080
5136
8793
1138
1533
8315
11405
5593
3672
12355
7084
8865
5569
416
3235
10318
5516
5112
7467
4049
3555
3700
11889
1236
2894
6227
3654
1127
397
1651
4724
11807
9071
8375
2097
1219
1694
8517
10350
3941
12427
12163
6964
10952
8985
8348
2921
1762
6643
10132
9728
2888
12074
120
5925
11404
6576
2543
6875
1843
2743
2142
1089
10098
10651
10692
11641
4175
757
8165
7447
8021
6707
10436
8717
3103
4391
4169
5206
6580
9996
7051
10348
7177
12495
7443
10354
3389
4693
9579
10476
8396
10834
11302
3804
10610
12031
8319
9114
12304
2378
5166
4990
10699
3137
4764
11349
4031
3854
2671
6526
10859
12198
2622
12736
6628
11999
10144
2291
5423
11132
654
336
10728
1096
719
3482
4542
321
4656
372
3970
6130
6265
5764
5582
6330
11371
10065
221
1940
12194
2381
6857
1596
5740
1630
5502
9540
844
6736
4888
5327
1689
4401
5846
1536
518
3675
10746
8663
9427
12101
9496
11770
9219
1036
5533
12321
2450
10598
8261
3502
6879
3750
5213
11379
8894
11521
1401
12782
6069
1503
111
1284
11118
248
9785
3952
2349
2811
2433
10086
2156
7394
4295
7214
6659
11947
895
1971
1845
9023
2091
617
7929
8571
11570
10490
7176
7771
7059
3450
10351
5652
12468
9425
1524
3089
6841
7328
5945
7820
10225
5517
1986
1962
7194
520
4188
5509
2955
5998
9137
3823
11299
7520
4839
4634
4320
3507
1969
8976
9799
11590
11690
6796
4376
12731
157
7925
7276
12122
11047
727
7888
8171
4829
8075
5117
10180
9171
9495
12203
10280
4086
11208
6061
8370
12117
3514
10780
3858
4437
2730
2862
8627
831
10786
441
8352
11616
577
189
4713
7711
5556
8507
5243
1794
1938
2193
12608
9123
41
943
4456
7478
7205
8916
6681
11406
4789
9454
9285
2827
777
8488
12019
8388
12586
11890
8554
12087
6373
243
113
5442
11223
351
6032
3156
7161
3892
10230
3977
10568
10345
8709
3172
7941
2960
3096
11611
4551
385
3356
2536
9095
2184
4714
7329
1485
2154
1415
9386
12539
9772
5382
11398
7507
2354
8412
6888
12391
837
10462
10352
8660
4284
10894
4226
9105
5271
12454
5677
1928
4545
3001
12668
1086
3307
9983
7477
11019
11620
9209
3806
3961
7978
876
6612
1186
10370
2103
7666
10277
10983
7722
6068
10909
8491
10870
9686
290
2934
4444
5284
4968
4480
8995
3242
11359
2718
5838
1178
2465
2874
5681
8358
10735
4386
1566
5475
7322
9565
6876
1774
7109
3395
2247
11862
10424
6445
1165
11403
2567
1628
3134
10079
2975
1215
10498
3914
737
1819
7641
8722
7481
5768
10448
9247
2057
3329
3759
4088
5293
3572
10537
10442
6027
2813
5617
7031
713
2443
9473
12271
6253
11179
3379
2573
4908
10852
9118
526
9077
8676
2180
2719
1102
1391
948
7496
1266
2801
11427
657
1217
6322
4438
6269
4841
1815
5975
10991
9793
7158
2804
333
8174
3495
7392
4805
11876
10636
2726
2981
716
11756
4349
7181
1263
10460
4065
567
12037
8811
463
6018
3644
1654
11920
11296
10238
10729
10001
2787
2125
1235
7226
10219
1563
4813
6407
6476
3605
7257
10181
2832
598
7301
9660
3714
574
4393
6103
5902
1471
12638
1470
2545
11157
2780
9949
6150
12570
3372
5890
7346
11495
10396
7862
8064
6481
10670
2411
3628
7503
12372
4479
4022
5954
11537
1180
10356
7315
7758
9458
11056
5864
3144
10597
9539
9551
5699
10119
10589
136
843
9147
12716
965
1493
9208
2207
7438
1298
3312
5305
8730
3979
3071
3043
12254
6060
305
5952
1440
4430
5568
7014
5374
6399
10281
2188
6517
2285
9759
8864
9305
5023
7105
5956
10439
2758
6228
8124
4965
11683
2761
6705
9177
8816
7658
3136
7373
3358
2303
9560
4759
10130
10221
3903
12336
768
4481
8716
3418
4427
9321
3655
180
4944
8915
3917
6423
2246
8789
2235
2439
8095
10013
832
324
9414
10484
1297
6249
6671
7736
3248
7839
1717
2487
6099
4691
11926
7309
11351
3294
9598
8183
7200
3635
118
1833
669
6938
2564
251
8963
12279
7636
10912
8758
4187
11627
1331
6635
130
5660
1334
10196
7123
2954
7450
1972
3087
10333
7096
6550
1749
9008
3753
3292
1731
8130
3471
10702
10741
8778
1590
4048
5368
6240
5350
8257
8281
1740
3731
3738
4161
4469
8529
6288
10320
7260
10575
4838
1607
12676
295
161
6664
4377
2189
8913
3190
11152
8597
5627
4541
2651
3066
10570
5997
3020
6085
8745
6572
11805
11562
8062
12018
7143
3198
7159
2655
6036
4590
7171
2700
3139
2011
4781
5207
8914
10449
148
9859
4450
2047
11454
1497
3221
5759
9606
9097
1247
2083
2771
12309
2228
1795
11635
11176
5471
762
11697
7464
3410
9547
3728
10875
2987
9825
5518
2032
5124
3132
10010
1381
8327
5859
1970
10673
1131
6601
11281
2101
2337
9776
1372
5489
7749
5790
10563
3531
11053
8971
5969
8770
9422
3332
918
132
5526
5598
8799
3409
11776
5171
2760
3394
10304
1697
3758
12367
8904
5437
3262
7930
8621
8187
410
9264
1622
5201
4183
4552
8135
12407
2810
1299
3234
668
3442
499
12794
33
6213
10220
901
7807
11737
8193
9804
1911
11589
8433
770
8506
5009
5618
2217
7525
9046
9248
7180
8835
6712
9335
10011
2620
4387
3218
947
12581
6560
359
11491
6898
6024
6326
8056
12065
12221
8524
10893
2258
10020
9231
11716
5842
4006
8509
11021
4728
9537
9818
5062
9181
12467
12127
8332
10936
6382
892
12617
10214
655
4673
11169
8823
4512
3568
11936
6777
8497
10096
10613
8956
995
12008
12601
6030
9837
7344
1188
12706
2211
2793
2513
2779
12477
8733
3593
7575
3083
8755
10322
5577
10297
1781
10931
10260
12382
5841
12115
6338
12193
10008
8144
1122
10656
622
9033
1425
2689
10497
1695
11891
11540
3381
2123
11634
7976
12504
6189
1761
8155
10603
9886
5605
12502
4891
10547
5375
999
603
468
6376
5085
9376
1169
7165
635
5205
133
11945
10959
4465
10680
4682
11829
274
2976
10683
8262
9279
11656
4423
2161
8577
808
5631
4097
9530
7047
4683
4665
2024
6687
1779
381
4687
3076
8070
10632
1703
5120
5131
3772
4461
1927
10552
6929
10081
7864
9590
3511
6588
11913
3746
12384
10719
9130
8559
5217
706
1801
7427
11831
11665
9461
8500
5861
7561
4504
6335
2547
3048
3689
12124
394
9612
9870
4595
10016
2995
10486
3516
6756
9980
9730
9031
5924
8631
754
2412
9939
4929
5373
9327
5546
7938
11854
12129
8508
10609
11415
11879
3339
6015
6953
4776
2906
566
11303
7851
1610
4923
11598
5482
11282
7502
343
1767
3528
10945
2892
5722
6606
1905
7975
10591
10921
10992
6177
4626
6702
10962
1282
5060
5280
6332
2136
1862
6880
1935
2512
1258
12688
4506
1631
5639
6303
6211
11061
11235
12055
1613
8172
10392
11682
11723
3642
11444
4099
5658
5110
11517
12084
56
9608
10544
4283
10213
8422
12270
9165
11077
6010
9739
245
8882
1959
470
8024
298
7909
10949
11477
6725
3799
1387
1598
7810
6632
6839
9296
7175
4123
8055
8168
16
7795
2506
10355
8127
4039
7457
11353
6691
5039
11918
10941
11225
2223
1505
1721
2415
1829
4942
2785
10145
191
7898
3034
7308
12248
8633
6886
3415
621
6012
519
4947
9665
2662
11426
239
3278
3162
9205
7589
2848
3713
263
2221
3229
9446
9874
12733
1808
3041
6957
11898
2233
10769
11080
11707
704
3626
8608
8623
6722
12496
12674
142
2364
4069
12394
10905
12086
2554
8595
3082
12631
9758
7698
6391
3503
10977
6149
3831
11087
4389
269
10279
1667
352
7442
8263
4409
7724
2027
8038
9471
9319
705
201
641
1348
11372
5175
4395
4814
2163
8641
9967
7710
12612
10021
8877
10700
4848
5651
12103
4116
5335
9360
8068
6006
8536
3412
7382
8618
3734
12352
4816
1295
8084
9953
6280
1850
3143
7514
9891
1369
12164
7075
11385
11865
5712
10232
5771
3316
677
6945
6627
4237
868
5897
10344
2085
5466
9858
3664
11159
11334
1237
2731
3541
1310
1480
7420
2626
5895
7157
11138
10813
12587
5181
11969
11183
335
11762
5092
10965
9268
1413
1675
3472
6967
5707
4192
10295
6931
12281
3586
5528
5913
5964
52
11172
4747
3948
9938
8134
2044
8902
7761
3124
9056
11721
5524
12437
8486
2646
10933
7643
6808
10696
9722
10519
5589
8258
10163
8405
1871
12493
1134
314
7570
11145
4026
8322
11693
9081
4350
877
7625
10239
8911
6383
3352
3552
7838
10582
3282
9788
6300
1483
5058
2033
482
8311
6183
3512
9819
3881
6229
6223
11233
7452
216
5538
6216
1272
4922
2508
12188
3310
9619
8689
962
7519
10155
12532
7649
11995
980
11591
3621
7334
6855
9574
6902
12227
3599
12636
2029
2059
2763
3497
217
11187
12486
2314
9359
7110
10943
3964
6418
11451
7776
10308
9602
5157
12160
739
10661
653
12025
11959
2462
9937
4733
11613
4685
5428
1495
5091
4564
6932
11580
112
7981
3231
702
6491
1790
12056
1016
58
2983
670
8046
4756
2132
12442
6677
4482
6613
7900
7162
9196
2843
9523
513
7279
3490
9206
1057
3836
2530
6714
4820
725
12507
10954
8017
11574
190
11217
10717
11600
1993
9656
10228
6577
9437
10428
2080
6922
3893
2614
1467
7145
3269
11084
10407
1669
7082
10818
6040
7230
3210
3993
1625
12453
4916
8777
2922
3095
12379
2891
5015
3986
423
10782
9399
10190
7009
9945
5144
6508
6848
2078
9200
9545
12052
5332
2608
1860
10059
11050
4605
7619
12306
7437
6867
11038
811
7568
10970
5729
6583
1558
600
8041
6807
6350
5760
3364
10819
6185
57
11014
7626
5957
7209
9072
10404
549
6574
4151
10465
12584
2030
9474
1702
11242
3857
1575
8290
10551
929
7414
4833
1920
9544
2040
2814
11376
2531
6620
6429
9310
1220
12620
1943
10168
884
3319
3337
8600
4286
12526
12567
6518
11597
7800
623
6737
125
6184
12712
5698
536
9380
6859
1172
11214
6419
9965
9515
4604
8468
3851
12085
6440
3579
6554
10674
10614
818
9549
631
5809
9954
4280
7759
2127
817
3398
4534
4831
2066
2037
6942
12474
4111
2965
12547
5714
395
9724
2348
5139
6836
4927
5158
12501
6098
6552
12354
8218
371
1109
6744
2634
11422
12479
4797
6139
7588
7555
8923
6478
3692
7215
5150
1666
9901
2444
4561
8552
3989
11650
9100
10898
8997
10879
8651
1145
3966
6990
6570
1653
10236
8264
9645
7410
10793
10398
2416
5564
3105
6792
4218
6477
4936
1809
11531
1883
1818
731
10329
7483
3547
2686
3834
2365
10826
12533
6896
3119
7035
3101
6599
6048
1617
11468
7371
12583
354
487
12046
5503
10210
11243
7120
5931
12096
1611
10644
1053
1405
3424
5700
10309
7747
4569
10376
11022
5147
12451
8860
11802
5485
7812
5409
2962
12054
10025
11886
4385
4281
8337
6080
7060
1816
505
7861
5414
10801
10204
5828
7945
9578
9349
6156
10494
6573
4996
2250
534
10391
9434
3241
6452
3553
9584
3614
8003
2958
9070
8725
900
11504
8310
5932
6466
2099
8267
7651
7405
1936
961
5624
2839
8854
587
3590
10265
9026
4653
9532
9048
8786
4495
7690
5718
4586
10118
3024
8897
8824
1552
12566
8292
9694
5133
5635
11691
2216
6676
8872
5126
8791
4279
4602
5865
12120
9049
2042
5096
5780
5426
4864
9239
2914
7367
1330
11390
8996
7951
2404
10759
3335
2277
10947
7973
12392
10375
6865
8622
3818
10669
11329
4208
10839
2873
1261
8042
1327
7522
7923
10592
12498
11917
2944
2419
1501
2772
586
733
8568
7571
10817
2993
7912
4312
7428
12242
2394
3594
8728
4363
5177
11196
3293
9990
8430
8410
10377
6343
7840
6519
287
9501
7267
2428
2383
4090
9029
10481
10988
9594
6735
4042
10480
193
10097
11976
887
3049
1856
12763
12662
3074
1198
12711
8047
4897
4654
399
8526
7326
9942
6770
10713
751
2472
9346
7512
10514
11234
12269
9323
6524
3055
4976
4880
4422
1655
370
9462
10528
11277
10791
5773
12482
8847
29
1107
8840
9935
8012
11649
779
7913
4356
8367
7939
1206
9378
11446
10178
9090
10478
12525
838
5725
5643
3677
2561
2141
10972
6982
5645
8572
6362
8439
4258
9363
10618
9674
3558
10012
9468
7664
4104
7872
12375
11797
7863
8441
4170
10198
2174
7985
6256
326
618
12540
722
3347
9650
6460
8245
12396
11293
6516
1537
7398
9324
1894
8541
5886
252
6116
12790
8044
7311
12110
9684
7708
2301
7739
9160
8349
9216
6305
4986
11004
7295
2864
83
2533
5614
8494
3688
4846
4200
8639
696
12339
3002
4543
1066
3880
973
8530
1398
11079
9010
9648
4948
2737
3011
11144
3478
12548
2081
6102
152
7999
1142
6086
10475
7805
4531
4324
1494
10193
12302
2460
6804
6615
1742
11733
1159
7266
3679
7418
10586
9047
10005
6711
1679
5340
8269
1601
3733
11023
1041
1571
8225
1139
686
4847
10244
3863
10918
12637
2794
8672
5867
4528
8982
2518
12174
1890
5077
2007
4302
9337
3434
9786
4113
6359
212
9542
11373
1357
4667
6905
11369
8157
12556
8054
2948
4136
4414
6117
7550
7558
1028
7792
291
4744
2300
6002
1409
4930
4382
1170
10386
3833
4777
11049
402
1907
6529
3549
3314
4953
6173
10362
5376
8702
1782
2269
12635
12772
3627
6728
8425
1527
4741
7211
8613
10980
4808
12329
554
7794
8080
1618
9145
10053
8729
8236
3022
12000
11971
2385
12505
3740
2283
4945
8343
8416
1499
11206
10663
6357
9885
4544
11817
9141
12416
7668
6364
4293
883
1226
2302
11998
6449
448
7228
7479
9743
12017
8013
10538
1442
5733
2652
11473
11954
486
8426
5138
2077
7148
9283
10189
5625
2405
5422
223
1693
10048
7565
4174
12457
10668
2406
1681
7041
8452
8628
10373
2482
4365
10149
6907
12229
5421
2762
7552
5595
4265
5746
1291
2980
7609
7677
8069
317
10143
6763
4594
4909
12471
6952
6553
25
12389
10998
6698
1661
5989
12151
5636
3079
9760
7188
9109
6787
8049
6438
2776
3929
12035
4390
2164
8432
4165
10625
1312
3699
5200
5978
11812
11785
3545
6708
5353
4413
1548
5420
3946
5378
870
4889
3550
1214
4615
2599
2913
5927
8614
10506
1464
9882
2335
1954
4075
10726
1729
8668
4089
4835
7196
10958
421
3749
7687
10342
673
2159
4452
3625
6873
8499
7395
8896
10723
4694
415
9626
1648
2637
5424
9903
3789
1599
186
11327
1559
3640
10573
6739
6091
7991
6106
10595
11099
8191
935
11728
11219
1796
7202
10138
729
220
7353
783
5239
8314
330
1191
8873
10410
9767
10775
11547
4193
6984
1515
393
4661
10896
12187
9714
11066
6101
4325
7992
7989
12399
7151
9096
5946
3717
6758
1747
6746
8986
1998
12293
11771
2133
11031
7036
8011
11306
6581
2992
9485
9132
40
1314
8551
1492
12132
11175
4563
3752
9198
6723
5174
12265
4206
1216
4612
1976
5292
8338
4489
5869
7824
12310
10286
4579
9721
12030
12349
3465
5127
1508
7543
11815
11791
5690
5566
11609
1904
4766
695
5300
871
11809
8842
11276
11857
7802
994
307
581
6874
2728
5276
5896
12278
12317
7624
5310
7773
9497
5156
11524
544
12009
9864
373
5430
9326
5082
8834
11262
6910
2129
9884
8927
1546
10736
5319
8495
12408
7816
7004
3788
3866
5742
2935
5455
3362
8781
2899
911
9666
2806
12094
4370
11803
7022
10968
171
5963
5991
6762
11082
12713
12621
11704
4038
10533
6402
8839
2696
9783
11134
10454
6170
4454
11475
1196
1802
9839
7147
12298
6049
7919
7144
2362
12199
3296
4260
11410
9987
9343
7501
805
2590
2453
11245
1864
7576
6603
7842
6307
4803
8650
7337
7804
10536
10566
1736
1903
1699
664
6925
53
5616
8720
12146
4782
1277
3551
7660
10665
3793
2137
9138
7289
7045
3387
4905
12771
3440
12459
103
3145
11486
3647
5800
3802
10865
3451
10520
1957
1990
10233
9933
11846
6137
5462
3498
3244
11671
7030
10363
10654
8217
12538
4670
12632
5454
8489
9164
7319
1406
3867
3729
4763
1672
5401
12043
2579
10418
11186
6302
7936
6453
6600
11312
1560
12111
6341
7628
11814
3368
5507
2691
1338
10229
11155
6906
10738
8286
5996
5403
5037
1775
12421
3255
2963
10215
11352
3042
12274
2215
7645
480
10686
10871
3013
1692
10545
6287
7673
9706
241
4060
7203
9603
10926
2017
9085
2158
10255
10685
8182
2249
9964
9203
2541
7231
7323
88
3267
9703
3778
1996
8462
501
12090
3408
1368
9675
1350
1772
10953
6395
11436
11679
2002
5704
1265
1637
4510
2692
11163
135
10748
10227
528
3835
12689
8073
9199
10701
8844
3652
4318
7439
8688
7335
6899
4309
2900
4081
443
1174
281
9086
2667
3491
1323
9043
10742
2703
11705
6924
2970
1542
6764
7865
9521
6716
2704
11513
4355
8776
5461
8152
10202
7108
5907
852
7482
2237
2931
9765
10814
3582
5068
5748
3646
5286
6639
3371
7998
1708
7079
11297
2795
5682
8619
1
10833
10815
10056
7639
6535
4239
7530
12282
12006
2867
10206
6200
3719
1005
4338
10310
6830
10247
6729
8885
8829
8081
9741
1438
1530
12212
6483
12366
1852
12610
8404
6779
4397
5679
7169
3649
4952
6917
9913
8483
4676
8543
11743
4735
3645
2522
850
3779
10366
3342
4180
3782
10863
1844
9768
792
3995
9576
8825
10762
3600
9992
12519
5868
10828
6090
3484
4179
6786
2138
10461
8076
10571
7817
9080
12024
6509
7281
8679
8806
8656
1983
4005
4785
3247
1113
2458
12324
10379
5514
12029
9195
9762
3947
8685
4149
337
4571
7727
7212
2751
2176
1770
12424
2375
860
8525
10194
7288
8445
2680
6124
12582
110
4503
3385
3891
4203
4907
11317
12380
9215
4487
3695
8617
5287
12481
2001
3382
11314
11399
6285
11894
7937
10522
7905
10687
12234
6819
7412
5881
8938
3488
10261
11433
10192
9015
4649
12452
8796
8
12147
9469
11849
9916
6485
4351
5984
3477
9423
10263
350
3435
1583
5272
1308
10727
6259
8058
3141
9092
2727
3179
1476
10397
8466
3513
8820
4400
7048
636
9222
8255
4970
1644
3874
715
11024
11000
12353
7097
9430
6976
6097
5440
7734
1418
1233
8768
10771
2260
124
9914
1260
10676
9476
9475
4500
7480
3448
10867
1393
9240
11365
3321
86
7811
12425
9908
6997
10928
9002
389
8085
160
3340
3755
954
1082
5789
12596
12639
4650
10761
1195
1020
11278
1424
9905
6655
9419
1677
9230
12272
12108
6258
1739
524
11896
9166
11759
10313
1160
2124
4868
9016
11380
6284
4900
5187
4463
9922
1577
10785
9982
8691
11239
12364
3522
1963
5808
4855
2152
6665
3805
5968
2275
10961
4428
5215
2998
6458
9455
2818
5222
8708
6822
582
12677
11367
12390
2039
6513
856
9697
5076
1780
8088
9815
10477
2122
256
9224
1788
2051
6760
6475
7709
3876
3345
11632
10502
3554
11117
7487
11003
2035
10619
3133
9591
4118
11173
9647
8291
2126
4522
2388
442
5692
2459
10904
9398
5847
3327
23
4297
4336
6011
12170
6693
3005
6818
9037
1647
7566
10246
1720
2479
3942
9012
2629
237
11729
2094
3026
6073
3957
6575
6432
3279
6384
8638
1974
602
721
1087
1222
12767
10387
4988
8415
12197
3667
1454
11048
4124
11226
313
8393
4640
9286
724
7033
675
8580
4205
9148
5813
1177
4738
10140
7877
966
9661
11837
3877
278
322
9887
3117
833
6467
11725
9919
10851
6765
6626
10679
9180
3012
12750
97
1121
11005
4121
9093
3982
11836
11439
7857
8775
10451
4978
12439
7191
11181
5163
123
9718
12284
129
681
11017
633
7528
4727
8175
3928
3443
3567
8137
11448
12694
9849
1351
7920
794
6159
968
6776
12318
888
1766
4353
12778
3270
9019
5545
7603
8979
11054
559
5143
9845
11450
12721
3417
10131
3115
5251
7113
9821
6160
2168
11700
3907
2120
3276
1083
5303
2930
3643
535
5891
6935
2357
11088
10200
11271
11808
8711
12042
5451
4085
7250
2985
11724
2769
109
12071
6172
10252
10755
1296
1078
3475
6920
7350
2690
9670
9856
10510
6511
7396
11639
7621
2202
2582
2572
3786
11800
6401
8772
2534
5295
11108
12258
717
5
145
9185
12345
744
6849
3618
4474
712
10995
10039
11586
568
12766
12133
8106
12062
3303
9761
9227
10273
5695
309
4221
6128
11463
11833
5100
9790
2020
6210
12729
10850
8027
9976
6547
12383
9751
10873
6196
12330
3214
7232
282
5118
10524
11937
1880
775
5972
11222
1444
4884
2469
996
1867
7241
11115
12178
12475
9671
11758
4857
346
8129
8678
12413
5185
7466
4228
3913
3639
5448
4425
3108
6459
5648
10357
11877
5540
1417
12139
12076
11581
11845
9607
6666
9529
3265
12077
11804
420
7318
7050
8273
5427
10185
5674
7199
2618
9852
9484
8326
7763
5346
3127
12371
507
1458
9595
5063
6625
3565
6262
7926
8259
1156
5788
8177
2387
9878
12268
4745
7728
4662
1578
5983
9525
3795
7707
8933
4836
9282
3391
2425
9412
666
6425
881
4103
7743
10361
4082
4964
8822
5917
8050
3341
6182
6904
9618
8826
749
8071
5661
3656
8342
8397
1427
6329
11485
1253
11103
11530
84
455
9492
2953
5384
634
7990
11474
5941
2654
9201
10026
11201
10148
11660
12277
4147
7944
2313
11624
6890
9352
10409
3040
1014
6299
81
4873
1997
4419
8878
9059
8645
10521
7548
358
304
5875
5678
967
11063
5248
8747
1018
7593
610
7402
9892
8534
1800
4686
6199
6166
3324
1377
612
9294
4958
8212
5391
5267
247
3915
6443
3220
9826
1663
7729
2038
10223
2130
4547
1228
4825
548
7723
8713
9140
2952
2649
8446
10022
6333
2181
1017
3037
2829
6492
6411
11838
2552
1410
5735
8570
5372
5470
5193
5282
5752
11116
1521
166
4328
5955
3991
8869
7399
6084
4016
2511
8097
7735
4794
4148
1012
4758
1821
2986
3153
11078
6408
437
9330
8121
4893
3167
9678
10906
4182
9691
8437
5008
9555
6295
7702
5465
7278
6113
5492
11368
5900
7564
2812
9569
8833
12040
4784
9816
10046
7368
6457
8272
4432
11985
6441
2977
4128
7953
6766
8632
7647
11211
6058
9771
5249
8449
2327
5146
3968
10559
8972
9512
3246
3017
7855
6388
12594
822
20
879
7429
7686
1853
6981
2834
10455
11384
2043
2510
8266
3200
8941
11588
6757
59
10319
163
2878
8008
3974
2821
11666
12301
508
6119
7720
1463
746
1024
5586
7325
10414
2198
8581
4553
2320
77
4678
11499
4398
12026
425
1286
12686
5359
8884
3377
127
806
2311
6035
4692
5290
2096
2532
2143
3770
12659
650
3574
11631
7813
6454
5449
6260
4217
6537
9309
9746
7779
5936
11655
11465
599
3222
8190
1103
3059
691
10560
2869
7670
12374
2273
9271
1765
5026
9926
12048
8751
11909
5079
5456
7822
7967
2979
8814
1544
10922
11695
2911
6278
9438
12469
2709
8086
4381
1324
12492
2698
11213
1562
12300
1179
2076
2169
6949
9384
162
9812
4934
348
4323
10788
3994
11775
4618
8695
4399
11414
11438
203
685
6726
8706
11487
5751
11503
7671
5383
12541
6413
10500
12363
8952
12747
9784
150
7338
12033
624
7386
1489
8391
11592
3763
12022
1136
800
4058
5014
7629
3548
6484
6955
4238
8260
2560
11692
11604
9232
2638
2431
1723
4578
2936
11577
3624
6393
7799
10964
2783
1399
914
3299
10615
3035
401
12357
7769
1531
10832
3203
12208
8254
985
3149
6719
3709
12238
5491
660
1978
6380
327
2485
9701
1143
8355
366
4963
9692
2236
4020
585
8189
3251
7184
2376
9303
12226
6064
10578
3630
4790
10393
2036
3320
562
7089
6774
10171
4757
1827
10911
10091
12414
12591
6651
12365
3998
2131
12646
10341
5435
10057
6455
8475
7663
569
2463
10359
1051
218
4740
7693
11441
8065
3422
1659
6403
3393
5948
288
2139
4532
9274
10315
10346
9735
8498
7714
9843
6872
6672
9254
799
1778
11069
964
9375
7057
1646
6689
1456
6569
8983
10332
11535
8195
7853
5632
5192
2446
10721
9522
8846
10550
1876
227
5235
7000
7595
12218
7704
2050
4458
11606
11127
238
12625
7867
7039
10605
5329
11860
11083
12069
10792
3592
8851
8503
5128
175
7592
1965
7320
5821
8384
11593
11781
12406
6534
12236
2815
12235
11481
2372
1881
3447
708
8118
9288
9058
4903
5241
761
51
3428
1244
7770
1450
9449
4250
10885
11199
5400
738
1428
9628
1223
4036
4460
9252
8213
8944
10990
7107
10254
1901
9934
11209
6662
8808
11801
5599
5911
4946
503
6973
9120
9653
2251
2713
6250
12576
10966
4960
4059
8153
12016
6724
3057
5151
1934
6802
6794
8371
4956
4859
7307
9142
1030
9483
1734
4698
1849
11062
6008
6731
5647
11202
1636
10289
9577
12162
6275
11124
8366
561
8950
8293
3148
12609
864
12289
3601
9116
2196
178
1593
10328
5404
4304
10803
6679
700
1074
5244
65
5259
8320
1073
8136
3697
11240
10208
6324
4840
10580
8550
328
4197
976
3030
11104
6831
10714
4080
3616
3288
7153
2470
4516
3524
264
9750
11576
8256
232
3365
8659
8457
10036
9705
1355
500
12240
11520
590
5316
9559
11326
1249
5006
10003
11522
11204
4646
2009
11927
9846
10872
584
4225
4899
10740
4360
7130
4319
10305
9260
10136
9121
997
12633
6074
5519
6110
596
10378
9528
1358
5716
21
7441
2457
1875
10914
3151
1791
7539
10662
5675
8599
527
1967
1545
10412
4943
9893
4315
433
11538
3520
8031
7597
3419
9936
1238
11968
9573
8690
7468
963
665
1070
5046
8196
4122
5360
8369
10453
2562
9673
6596
7352
5084
6297
11338
12143
8279
4247
3933
4973
6219
11401
3492
11350
8680
8321
4029
11221
2615
10823
8040
8616
5754
3348
10821
8557
8000
3351
4410
4606
6911
8544
447
8934
934
5922
2359
10862
3538
7424
9978
12793
8714
3515
12064
7010
9187
6377
4993
12696
3456
2069
9073
11311
1212
7356
1682
5501
22
11232
10585
11916
2819
5787
2589
10513
3556
5703
6785
1500
8590
7777
10555
2863
101
558
2544
3931
8418
4843
4105
8942
445
10142
2110
2294
4524
2661
2224
1872
87
11825
3177
6605
9153
5705
2717
10744
5520
11984
2920
1937
8991
5970
5075
5563
7579
4617
12145
7652
7273
8082
9197
2148
4599
9004
279
6936
4863
10429
3659
3239
4974
10770
4812
7997
1884
5880
6871
2659
8045
1423
2358
1281
5523
11824
353
10913
9236
9977
8240
3774
8866
11994
5829
3373
2587
5302
9278
905
9911
5268
11610
1062
8701
10804
10504
9928
76
5168
3724
2734
6056
5826
5620
11328
5791
7117
10924
3790
9597
4308
4513
5307
11818
5439
7243
3573
7885
11602
7856
5557
8423
1248
493
7738
11366
2286
296
4119
3865
12130
10864
2631
2008
5226
5744
10543
491
3182
1748
9679
1606
10623
6431
8582
1414
2343
11362
6254
4408
2041
11156
12295
10516
9948
10989
9563
12386
3161
9736
11471
1452
12545
35
7020
5274
7752
7678
9616
9175
9652
8974
12154
1288
4501
7859
7449
464
7471
5850
3521
7406
10101
246
9685
6241
7587
8039
5407
5309
12423
8145
4274
1353
3
8484
457
9119
6212
8815
12559
2643
4681
12014
7772
7237
8719
11153
9778
11525
11561
1609
9981
12598
8664
6695
1866
5089
846
5088
7090
12003
8780
5749
1634
7129
9293
1975
3154
2790
7850
4435
7695
5600
5377
9940
9150
11545
9872
3469
6767
4431
4901
6436
5326
4787
9155
9853
10880
5671
11988
3346
6122
12393
10027
556
9897
5853
12543
11699
11461
7092
6277
10470
2360
2904
8858
5436
8512
2872
7504
5099
12264
2805
11546
4426
1311
7469
3945
3676
6292
1706
6816
9415
7880
1039
404
9107
10112
114
5053
3691
5219
11851
5288
10000
2968
2835
3131
4034
10120
8250
10300
970
9676
9191
555
6586
699
7146
5709
8646
179
11466
7897
8354
2688
6152
3897
2764
12034
8715
7377
213
8471
8989
12259
9275
4396
3158
10973
435
1302
3054
7364
6506
6878
3110
5005
10135
10435
9634
10849
9568
12294
4911
6420
7006
4879
5633
8061
4624
6784
9410
7451
9470
3266
9094
1879
5876
9172
8564
3653
10434
10303
7993
8004
9844
1147
6721
11058
7956
12783
1556
497
10979
3476
5094
8197
5256
644
357
8451
12517
3817
692
9720
5665
12755
1259
10062
3306
11285
7462
552
3508
10287
7903
7955
10562
8879
275
11768
8456
2591
3375
11949
8194
3191
1758
6690
10110
7922
5061
75
2755
9950
5767
1591
7848
302
6669
11875
8296
747
12404
9044
5343
119
12307
5320
5574
10641
12315
3997
9087
3850
11706
1626
7573
12494
8918
1989
2230
2924
10457
7274
4256
5995
7814
7933
10503
7716
2774
6422
9270
5406
1034
11559
975
8482
12683
4515
12204
3518
6523
8431
9824
8037
11316
10459
2000
8015
1088
2721
85
8163
30
11701
4919
9050
11760
12276
12444
9734
1390
3674
10094
7515
5553
4720
2208
5145
5581
10298
6334
5173
1823
11816
11343
4307
10074
7455
11828
9683
8998
3289
11020
8760
2491
11322
1441
2448
4736
5140
5680
1049
11428
3810
10072
12604
6525
732
1604
9505
10840
4276
8469
11347
10432
2451
6608
8569
5796
9823
7620
11703
4068
11185
12113
11583
4732
5073
3581
1512
7115
541
7310
80
12599
10323
8067
7034
12326
4271
6174
12781
4858
9519
234
4249
9811
2901
9265
12487
11090
10126
1686
10548
2967
1605
3607
12338
1857
4037
1061
10684
9638
3648
3163
4347
6908
1878
12681
7071
3121
9297
10554
6294
188
7789
3197
11755
9225
2838
891
7968
9644
8434
12560
2817
7876
4509
7617
11964
807
10004
10541
5481
1344
12202
3338
10731
6202
9630
1576
3228
1602
7778
8376
12499
11741
6988
12569
9550
9806
11614
6673
1091
7002
2706
8192
9850
11411
2111
4666
4066
10535
4421
8158
10752
1656
6800
11391
9600
3238
3683
1645
8248
4476
5544
10358
10774
4608
7499
12579
12159
2881
6852
2568
1457
7538
1027
4898
9445
6087
3826
992
5782
11120
5493
11254
5012
1067
4194
2849
9835
6044
5604
849
6851
3872
7233
12415
10650
5684
5816
7100
3938
10283
1341
4587
1589
10064
10806
10916
11318
3196
11452
6538
7852
1045
9045
11899
9552
5953
37
63
8752
10866
7983
6706
7397
11563
10216
6618
11355
4373
6914
5323
6424
4760
339
11440
6115
1973
6654
9895
858
11584
3885
5621
11166
3706
12296
2598
1403
8992
2841
12267
8345
6832
5247
8605
4442
12119
5234
2118
266
2523
10082
4468
8275
11458
2393
7074
2708
4287
11260
6783
4508
1869
4611
12168
11304
11702
2399
7580
8178
9063
7284
10187
5500
889
6013
9968
698
4000
546
8016
7374
4201
10339
8113
2606
8206
8563
7980
4079
5711
899
1639
10343
5874
12629
5965
10444
8294
11552
3878
5017
9042
2098
3290
7
9925
5644
12522
2825
1917
9371
10707
6860
4411
11780
8210
4902
897
2663
11972
2204
7088
9972
2071
1490
2112
7154
207
5798
5296
2890
7878
5623
8891
6661
7037
100
2604
10908
11661
6054
2423
11630
158
4765
9774
2272
283
5894
4668
11774
4334
12308
5029
11934
2500
795
11542
8579
2052
4083
6389
2324
7198
9763
11288
9611
2492
6734
11210
5308
11698
7238
6351
1608
7291
5238
6991
10858
11880
7915
11237
6791
9024
2344
230
10291
3280
4589
4869
3165
7193
3189
3429
11980
4940
419
9959
2060
11688
3976
4887
10627
5840
11734
6971
8738
11863
2312
10423
4925
7472
11228
5726
7294
9873
13
1550
1354
915
11738
10579
3909
11419
310
12709
5943
4273
7087
6323
7314
11266
11001
11735
8098
11754
6461
10556
4004
6488
1891
12401
894
11142
12257
10634
9379
6602
9388
6187
7330
3184
8244
6813
7298
1502
10090
2803
8561
12253
10115
2295
2840
2015
12195
494
1624
4418
8518
11036
8836
