0.6185
0.7471
0.5537
0.5779
0.5163
0.5607
0.3892
0.3415
0.4239
0.5411
0.5206
0.3932
0.4309
0.4669
0.715
0.4989
0.436
0.358
0.6041
0.7832
0.4909
0.4945
0.4847
0.3405
0.428
0.4051
0.3845
0.5377
0.4743
0.6932
0.6568
0.7234
0.574
0.294
0.3722
0.442
0.5601
0.4354
0.564
0.6137
0.528
0.5862
0.5898
0.4976
0.6588
0.603
0.5399
0.7765
0.421
0.493
0.2265
0.4949
0.189
0.5933
0.37
0.4617
0.6576
0.2964
0.4651
0.5324
0.6309
0.4155
0.3508
0.5438
0.5471
0.4028
0.5608
0.6328
0.2854
0.6003
0.3107
0.5106
0.6839
0.5637
0.3565
0.2519
0.6254
0.2837
0.5405
0.3672
0.6472
0.4916
0.52
0.7308
0.3634
0.521
0.3324
0.3957
0.3102
0.3797
0.448
0.4127
0.3959
0.5362
0.5135
0.4644
0.7695
0.4709
0.5445
0.6042
0.6386
0.5379
0.5643
0.1742
0.3618
0.3607
0.3145
0.446
0.2238
0.6349
0.121
0.3973
0.4827
0.4806
0.515
0.4861
0.6317
0.4116
0.6883
0.6431
0.3818
0.4868
0.6874
0.53
0.4227
0.4311
0.4187
0.6068
0.5641
0.7207
0.2247
0.4967
0.3395
0.2176
0.5134
0.3712
0.6381
0.644
0.5928
0.5789
0.6155
0.3126
0.3289
0.5092
0.7037
0.4232
0.6163
0.5722
0.2937
0.6061
0.6874
0.6504
0.587
0.5386
0.6219
0.1849
0.5291
0.1684
0.1536
0.3411
0.4831
0.5127
0.3921
0.2839
0.4153
0.4104
0.5905
0.4832
0.494
0.6689
0.4588
0.5707
0.3587
0.1782
0.4404
0.5853
0.5058
0.329
0.5024
0.5071
0.642
0.6276
0.4267
0.6039
0.4042
0.3195
0.3514
0.4727
0.4708
0.4018
0.3987
0.6048
0.5261
0.571
0.4171
0.6731
0.526
0.4607
0.5633
0.3915
0.5684
0.4526
0.3607
0.4203
0.542
0.2261
0.5461
0.4382
0.3588
0.4557
0.2883
0.5529
0.4541
0.4671
0.3315
0.4166
0.4111
0.5237
0.5012
0.308
0.1222
0.64
0.582
0.6067
0.5945
0.3143
0.3896
0.5523
0.6329
0.5148
0.1349
0.6925
0.3518
0.7661
0.7105
0.4315
0.4672
0.4469
0.3592
0.5639
0.4658
0.6377
0.5864
0.4882
0.4988
0.5429
