12241
1323
12481
7586
9072
10831
9037
6764
880
5174
8686
3596
3009
5321
12524
10511
4120
11977
3429
10736
5082
6270
528
8912
1028
4736
9510
5094
5033
4004
3004
7439
11552
4746
12238
1552
196
8956
2150
6405
2868
9765
5277
4071
1905
1205
1654
4462
5193
12536
3876
9715
11738
4106
3965
7877
933
3080
9691
3632
3472
8557
231
9180
7076
11389
2432
10063
5464
10669
492
9460
2730
11313
7855
6655
345
8087
5477
2204
7245
7843
6605
2416
12534
7426
9162
12002
1705
6171
4848
12048
1014
2669
5138
3567
2146
9189
9145
11258
4103
8848
9321
7349
3441
9270
333
12658
2485
4919
10645
9450
4932
2772
7140
7035
3621
8140
12645
11617
3375
7851
2051
8623
4826
11502
9107
9844
4991
10276
8620
9093
5609
6608
2338
846
3506
6648
5189
3049
1807
10375
5599
3693
4731
1739
870
10691
3818
1548
7169
12698
1587
5444
8259
8228
12021
12695
6983
1478
6658
8104
11032
8824
1432
9876
5473
8052
1549
12597
12427
10680
11874
7588
11194
7537
7238
1258
4021
10906
7918
11293
4342
12668
10491
6484
517
8908
588
1760
12526
263
11531
8366
12351
2170
35
5052
8344
5229
7892
3284
7090
11294
980
3839
1092
4445
82
7926
7878
9433
5086
3512
3022
3407
6139
8327
11690
4359
11654
664
7391
4571
3833
961
11353
9152
7991
8647
1281
371
2938
7128
79
2038
11204
8258
7507
11230
7341
12271
3081
9542
4864
1454
8976
5665
8317
10636
7333
10508
3711
12528
249
6614
930
6214
264
8811
11832
6043
217
12336
2603
11214
1228
3564
254
1362
8149
2632
11724
2361
120
10346
8148
11304
589
5119
337
7226
75
6042
4442
1397
5952
7860
5410
4038
527
3637
265
1099
4936
2307
7325
4007
2131
4263
8230
9513
2657
9448
2222
7608
10990
3922
6698
1788
19
725
11059
10933
9800
59
598
8083
325
5628
3346
2007
6115
5510
1252
12334
10967
11198
502
12357
9920
4211
10666
4371
3766
10606
3222
6646
6599
6886
6910
8123
11944
9999
3070
11284
12453
407
3878
7527
3690
7943
11243
8800
7680
1414
5292
4656
8571
6835
2626
8607
7872
10182
1058
1471
9184
5110
1204
7045
453
1747
6806
1171
8563
12412
6876
2028
11332
7777
2715
6446
9960
11765
12034
7794
12499
7768
2210
4278
6044
10089
12554
8120
2415
3345
1928
5811
1880
1065
7602
8053
7922
12114
2858
9572
1491
6654
11433
2861
1019
12247
11715
10366
2995
11114
2435
6687
5548
11574
4686
5999
5612
7022
5257
11919
7827
5685
2658
2470
693
10464
5232
3911
3501
9161
723
4351
4123
10090
1157
11048
9360
7376
1615
2448
6197
10468
8539
198
11621
11561
11951
10235
10776
11463
9131
9165
9714
8698
9886
3328
7432
3355
2082
7930
1263
2476
9342
12055
11782
3141
11683
2898
9068
5161
6409
2812
11903
10125
7873
1089
3235
10097
6970
10334
7112
3409
1283
1000
1380
7778
3850
8591
6817
1080
4557
10798
792
2430
10420
10806
1803
2461
10749
10762
6651
9218
1826
8037
11121
7746
8221
5423
1731
8164
5342
10203
10112
5329
2917
12244
11872
5503
9784
363
5323
9583
10231
3867
3757
3491
3198
5255
4381
11956
10742
10847
5455
6862
7363
6501
10767
1442
3217
9007
11647
7929
7585
23
2030
10635
12568
29
906
10731
5
3601
2537
5224
5929
6779
2112
1158
1861
10465
3133
9611
7554
3515
823
3514
10550
681
12230
1746
4605
8554
396
10665
10862
5433
12761
7074
5824
4833
11448
11741
3281
1129
2012
8375
9937
12350
8402
7170
5990
464
9366
11201
12791
9514
8701
5080
3718
5239
3929
2692
638
2167
395
11150
3998
8541
7994
540
4975
10598
8850
1039
11163
9725
587
12346
6681
4784
7619
9115
10354
1071
1607
8431
85
10303
2924
4099
11081
12496
139
4181
10713
2089
8784
11339
4439
11333
9053
9678
1717
6480
12374
3178
5337
11752
2274
7895
12569
3151
3390
10185
3118
3393
5806
334
4142
2742
6932
4518
10587
12305
307
5098
956
1500
7159
5748
8544
9589
11566
2512
5454
2677
11826
4319
866
10165
9075
5801
9777
3835
4647
2616
11383
11614
11807
12654
6566
10032
12134
12764
10306
6984
944
11877
6996
4502
9140
8951
5418
8760
5834
5063
10634
6841
2122
9996
9272
2628
12138
460
11219
9885
637
10846
5823
12613
12031
6857
483
6024
8460
8829
7779
5078
1676
7001
5431
4942
1741
11848
4003
4394
4624
6958
7479
12637
8737
11013
6707
11278
4386
6692
5513
9116
5009
910
9959
11123
11408
11610
1499
618
4657
11175
1518
6563
11173
7698
9675
2729
5555
11275
10094
1961
991
9325
10010
8307
4957
7070
5994
12641
12667
7573
8832
4663
9569
8587
205
11497
5067
11380
2824
12480
3445
11640
9422
4362
1177
1693
10488
8064
8590
7590
5790
10764
1811
3110
9078
10268
2765
5543
11881
6978
4804
1688
11500
6500
8497
8166
2280
7988
6735
9384
2554
4397
10486
10698
11323
9060
1569
8257
12309
6644
164
9237
4929
9623
4074
9437
5343
5208
6253
5693
6034
10537
12153
8362
7638
9146
10222
6813
10400
5023
572
8922
2231
898
9104
1366
444
6151
10282
3324
6612
3148
7923
5809
8966
392
4206
5931
12129
5114
8100
127
8298
6281
7944
8097
4546
5983
6935
12595
8837
11982
9904
2656
4874
2853
4098
9699
10588
5107
457
5054
9499
7742
2579
2550
7684
8529
1643
12237
8151
2373
9504
5776
11819
9726
9444
6441
5467
6518
11419
2620
8512
8125
10672
1399
9233
10617
7576
5653
12458
5646
206
5091
3662
7815
861
5371
8484
11580
1720
11413
6811
8107
11745
780
1100
2920
4158
10467
1738
3930
7347
11146
8400
10371
696
9065
9111
4829
8680
5019
10478
9599
8176
2039
11883
11073
8109
9736
4675
10116
9562
12630
805
8794
6120
2385
1420
1829
7279
814
9172
11722
6184
8111
2559
6211
7826
1774
8757
11625
10976
6722
3066
6142
3989
3305
2623
2241
3802
2078
9604
742
7356
2251
4380
3873
4228
12492
12671
3971
3292
11679
9857
6396
6418
9989
7403
4440
3560
9309
867
7319
5608
11387
7386
10229
2153
9061
2578
9210
2340
11557
3021
4121
5795
12072
7636
9121
7081
3779
11068
6327
1994
8391
4317
7740
12011
2366
2659
1768
3885
3677
9810
12580
470
4218
9668
4036
10496
10015
5405
12352
4579
3595
11309
9015
5244
5469
5875
8946
5398
5001
2057
3642
11170
2138
11567
8070
3365
4357
7702
1131
1536
5687
8446
6998
3624
6788
2192
305
6485
6493
5794
8023
4778
2961
5751
4889
2997
4910
9431
430
6709
12537
6026
10797
7357
10703
10551
11929
9403
4581
1714
6064
8633
6863
4214
1762
5491
2839
6112
4029
9335
3895
11800
7464
9056
6163
9980
10621
12226
97
1369
6071
5492
4832
192
2782
12451
1657
183
11330
3507
625
3963
1582
11390
8601
6341
9860
7560
4803
3939
9118
1343
7132
3477
11273
5039
6555
5590
2604
536
1812
8210
12582
7754
3551
1695
5026
8814
9894
8325
10104
2455
12551
2536
689
797
10074
11581
1822
9955
1825
10462
6468
3582
4966
4164
7214
5369
2925
4408
2065
9288
11615
8708
10530
9794
4300
658
9667
12618
3886
12225
6052
8949
11730
5205
8296
8609
1775
2589
4108
5357
3293
1217
9389
11196
8332
8330
8101
5742
4376
11733
9144
3402
8989
9682
3831
3520
8028
9081
9609
4067
8086
9383
1156
4465
1493
6412
1750
450
6529
2308
6230
4684
1234
9213
6590
5637
12689
3611
2590
1618
7953
2021
12414
8543
1242
2162
3164
8452
10195
4573
3879
1622
6671
1250
11856
4765
5663
12474
4367
12179
1247
10783
937
5538
3446
9497
9011
6510
4016
1261
8253
4248
5973
3904
6822
2939
11088
3655
7058
3556
4293
9249
12156
10038
1064
6776
1531
11591
5950
7228
3638
12489
10390
1299
11504
6198
10963
634
6264
2532
5991
9275
5259
9933
7183
10989
2908
1724
2466
5153
11553
7206
10374
2835
11843
12664
6701
8222
5194
9884
2214
6497
5440
7894
4992
10956
9759
6080
8833
8808
4688
12759
2009
11734
9086
12093
2154
5062
8345
744
7979
4326
5199
2156
10013
897
1408
8861
2505
7995
11279
6323
12638
8179
1744
8428
9316
4042
7375
3394
2165
4520
5992
8075
1860
12381
12122
8036
8645
9468
8161
2671
5692
8992
12035
885
4348
623
7191
1321
10205
9565
469
3782
7031
3746
12482
11870
197
162
2710
5167
5854
9496
6288
2943
1911
808
1412
5545
8077
11127
12213
3242
6505
10828
8722
5754
5175
8959
1053
2836
4606
3220
1317
8055
1876
8423
2544
3549
12160
5870
3744
1047
10759
12391
5575
7207
10273
10463
4893
11248
12042
10042
9136
8393
1416
608
1527
2331
3422
4583
4025
1428
3829
3830
10540
6148
12395
6670
9642
10651
288
11731
7512
7061
972
3615
594
4299
10754
4150
2255
4249
869
12272
9470
11601
8229
2166
5798
11970
10175
7449
4830
10706
3257
8555
4977
2571
2739
9873
2609
11388
10258
6422
11238
8056
7622
5172
10278
8043
4501
1897
1137
10050
2177
560
1465
11347
7297
238
2804
1628
2856
11019
578
2008
10452
6035
9787
7534
1148
11905
1684
1603
5978
6022
2652
3321
6375
2464
5370
9520
5912
8611
9834
10455
3555
1953
12725
5234
11996
51
1290
5120
5997
9135
6431
6804
10581
115
7787
5345
2504
7488
2857
2052
6329
3788
415
10774
5705
7422
3749
4970
5462
11814
2732
7275
11071
6162
6821
12418
8436
2525
7189
61
1850
12625
12558
1680
10281
6033
4189
10495
7185
1368
3649
6180
1630
6848
10389
8729
7446
999
3389
5004
914
973
10875
1384
9292
2086
9089
8336
3229
8762
1960
12656
6349
12512
3608
8743
12648
508
9358
11078
5594
12606
1232
3474
3541
5360
6059
10733
11789
10061
7209
10529
6433
3613
10867
9822
8378
1551
847
10577
12567
2884
6076
7348
12024
11312
479
10620
8237
2595
2576
384
12485
1347
10809
8906
7938
4480
2516
8128
3856
9967
10658
7133
1072
5097
1877
11251
6610
1509
8319
10141
11183
1772
5496
2619
11364
3219
12440
6883
8318
8739
10236
6758
5998
9737
977
9630
3399
7244
9300
9012
4995
2612
9204
7237
4831
309
7424
6787
12411
8969
7774
9033
1396
4082
8664
1678
6483
4652
10560
6765
541
11066
10924
6565
8604
9990
9539
2816
4876
8418
6854
542
2644
10907
10369
7309
4993
6922
3055
8617
11451
12594
9466
5347
8459
11550
7903
6277
181
4939
8948
675
9454
9724
84
10441
9788
4539
7580
8341
8071
8102
9555
12518
5763
2092
466
4651
733
156
6460
3855
1641
9862
4215
5214
6956
5762
5177
8398
7541
4410
1575
8754
1699
6519
10378
2723
524
7561
2882
4783
12091
10363
10624
8020
5731
4481
6387
9377
3705
11758
676
1402
3226
2700
809
5421
5485
10040
10912
12227
5808
5249
7264
2329
8377
5797
1767
12586
11847
53
105
10210
5909
4963
2031
3860
4097
137
7871
4046
11461
10799
4892
4607
11584
10648
9474
9376
12144
11827
1623
406
11053
7308
10284
11480
902
316
10021
2145
7844
11829
6845
11110
11113
11087
184
5958
106
2950
6482
6067
6370
42
6802
8219
2287
2621
10
7091
9618
8685
2300
3121
5949
12368
1777
6871
8586
7657
10829
7454
3031
6114
6524
1756
7429
2860
7546
10171
9626
7503
9910
2004
6404
2243
9303
12094
9855
6075
3949
10922
26
11486
376
9125
8785
2524
683
11737
3737
5475
12563
10037
9284
11590
8859
1797
7143
3337
12413
10300
8433
8638
7407
3380
5183
12273
1611
7755
4814
4771
8310
2229
3251
1508
6147
8163
5188
4392
11329
12235
6939
2558
7592
8322
4135
715
5456
9215
10392
10142
3740
3550
8371
11041
411
8972
12663
503
8612
1497
8286
5271
2353
1006
12392
5282
10848
7974
2684
9500
12788
5716
9829
5861
5111
11192
8268
8359
10873
11813
3563
12139
2472
6851
1541
5850
3189
6113
2076
11406
5627
9612
1494
7915
4894
11725
5258
11015
5781
3588
8641
10942
2474
873
6920
3720
9209
1523
8432
2033
10448
6474
7478
7836
6678
8275
3750
6237
3495
3354
4659
799
8849
5219
3898
3204
1364
11579
12205
2292
11869
4172
10414
8506
12599
2825
6909
6132
7862
1280
4817
9751
841
4379
3480
1859
4147
5300
11727
9201
5066
12454
12333
2125
1197
750
6968
2400
6368
1937
8412
11092
4251
11697
9540
6917
2785
9124
4744
3161
11516
9823
10480
1530
11656
1316
3386
8673
11810
952
11652
9266
5765
12753
4897
5964
7021
6222
6221
1556
427
9132
11849
3712
5472
9173
7550
10753
3187
7265
4697
5035
8022
9818
3152
3076
6249
4266
1719
2321
3078
3937
711
3494
3245
10563
4716
2032
627
12277
6455
2104
10882
1602
6503
8742
3191
11065
6367
4972
10928
8067
9017
10244
4642
10758
10055
788
12029
6391
12755
6785
7106
9164
8716
7413
5213
698
5171
11700
3471
4329
4785
8427
11798
8105
10027
2365
7989
6621
11085
6691
2613
10674
12783
2963
9057
5206
11620
7232
10756
5013
2288
4759
2643
11653
6259
9858
5149
4837
11124
2509
4163
4498
9521
56
2703
11031
1949
9577
5027
10585
5211
6159
4345
5969
6749
1107
1856
1212
11767
11104
6741
5659
6306
4276
11466
141
6084
326
4006
7417
3504
5295
10780
12700
12116
11366
984
6074
5319
5536
5740
11711
10843
11678
602
1199
10835
8900
11355
11138
3038
8520
10950
2515
5065
11699
1135
12253
834
11517
5930
8068
2687
1973
10893
857
11097
10311
839
6192
3213
5006
3641
8353
5718
4372
3123
10128
5805
5704
864
17
6215
12076
5583
10952
5452
7916
7838
6459
9351
10501
6058
9003
9538
11417
9717
10232
3007
7693
2369
11242
7043
11755
1550
8117
7213
6334
1185
6247
12743
3865
10707
3271
9936
2017
2020
12629
12322
5611
3536
5557
3827
11024
8880
10705
10695
8093
6290
11493
3658
1483
1308
4978
4315
7532
10631
10443
3385
5556
2845
126
8429
1466
12691
5482
1169
8724
4470
5225
2111
2711
9339
8965
11356
10434
7205
3421
1293
8488
9870
988
11043
4052
7139
3813
7047
3205
10757
12711
5468
1976
6624
5484
9738
3778
11686
11444
12219
7147
1038
3142
12032
3108
12479
4200
3025
12056
8940
8324
6011
778
9911
6400
4365
12449
10108
7572
5519
9112
9269
8750
769
1278
3059
6101
2888
1224
615
2218
7888
11288
3505
10180
4277
11931
6732
8562
1570
10625
6733
3048
3602
8823
12790
4600
3838
7408
2259
4844
11958
10386
7296
2437
4662
11395
10579
383
12786
7901
8550
12180
8507
6191
10685
1052
11348
3467
7484
11649
9914
12150
7042
9676
10710
4060
4320
4044
10556
3404
9083
5354
3680
2714
705
4875
7626
7753
3414
11129
5878
10743
1350
4728
7870
10544
8657
5814
986
4969
5173
5028
10522
1573
12452
10020
3537
10518
5016
8082
7051
10047
1963
8244
493
10699
6335
169
9779
2127
9026
6515
3590
3002
1782
2806
37
4344
2018
2323
9255
6944
12087
5338
6827
4842
4154
1810
1490
2139
6006
11064
1383
2345
1378
9166
2195
1041
2951
5791
6331
6028
7952
11296
2296
4332
6251
3977
3306
12426
4610
3561
8637
6359
2767
8517
6715
10644
9416
628
9281
6760
4430
2869
4349
6167
9560
10777
3175
9223
7962
3846
9324
5155
7664
11666
850
9567
8363
5596
12446
8898
9852
2121
10421
1190
5141
7587
10233
11886
11398
1978
135
11089
10870
4521
8457
5168
12288
5015
2553
12229
7977
2491
9816
5832
8358
1935
10715
4645
498
11270
6521
2171
5508
2289
7110
8482
1916
1473
9362
581
6636
8996
12135
6233
8981
2718
8007
7987
2745
9671
3171
770
1256
8099
6895
7072
10355
3440
11259
11328
11979
5005
136
1381
1701
10834
7544
4612
294
2041
616
10319
1907
10642
9202
2838
11743
1087
3547
923
5744
690
11405
8255
12778
9830
2507
6556
9097
9923
9010
187
1857
4708
6376
11887
3713
8625
7382
4331
1385
9798
12488
1752
9091
3960
8049
10174
3497
9226
9956
2958
4959
9773
12483
5737
8143
9082
8741
7972
3001
12118
3864
8321
11148
5274
1692
2918
659
7050
8354
12467
4880
5661
4130
10992
4849
12101
7444
3573
7880
3436
12136
4756
12445
7222
9196
565
10111
8570
7315
3105
11379
2674
9646
11639
11694
4252
10270
6131
3486
4988
4484
6712
2159
5876
6103
11750
9897
6682
2224
505
1645
7285
10917
3812
8511
6792
12198
2897
7078
7330
7144
6443
9907
7883
6831
8146
8998
9294
1893
7594
10660
7093
12283
9899
3360
7614
8288
9939
12626
5332
8078
2191
10348
8895
3924
1725
11407
12082
10017
3244
3799
4635
7677
4552
9273
7272
7240
7116
9586
9064
10160
5574
111
4233
5908
7887
3202
1930
2044
3319
4340
1787
929
1572
9373
3848
3955
188
761
10030
843
12740
8492
3261
12255
5506
6823
7919
5264
6017
11188
10528
10526
4260
12646
11799
7246
9490
2024
6666
3973
12376
4985
11426
9187
5118
9432
1606
11950
1533
11369
11154
6232
10864
12681
4124
11692
5268
178
2197
8444
9515
9142
7199
10506
9447
8303
1773
11331
12566
8779
4621
5088
2085
9966
6938
2185
6641
6465
9498
7535
6408
458
5839
11264
8866
11913
9662
7950
3150
1814
3453
6324
11896
4938
1538
9527
4080
4781
4843
5624
4644
2187
5956
1036
4790
3280
1244
3396
3115
10517
12159
12705
8365
7728
9711
4134
7629
9478
3294
4531
9231
1591
3344
5424
9087
1706
10600
6041
6496
6432
200
9214
10423
2834
11562
703
9808
6914
10326
7820
5084
355
10318
11393
10383
4105
3887
994
5785
3256
7568
6246
12716
6571
4757
11137
2248
3630
6696
11811
314
6378
3724
3167
322
8817
1715
10746
1858
6274
1456
8994
9590
8613
4845
2425
7589
7782
5630
4819
12158
2863
7735
1313
4437
8397
10936
11868
5679
18
11155
4222
7182
9965
10787
7858
1505
1357
3397
2698
2452
10365
10092
7113
10668
4048
2403
5356
10411
3180
10183
1800
10409
11307
9685
10898
3640
11136
8491
10968
620
5975
4115
3341
11613
3056
571
12473
11882
151
12106
2315
391
6912
5275
2932
5409
4597
6096
7184
12757
11117
8556
6186
1681
3959
2708
1624
4411
8265
3016
11266
8386
11125
8648
9103
3243
4861
3752
1869
104
8646
3755
2325
3020
6812
2901
10260
11450
7017
6763
6710
10357
10500
12331
11852
10589
3428
1391
9770
10101
12590
3858
2105
7241
5874
1048
10201
3503
2771
2865
12183
10275
8184
12752
521
5447
12734
8614
2324
5471
5298
3279
6522
3961
6791
8790
1176
9916
9925
2736
4609
532
9334
1294
8098
252
1521
6438
5553
6579
9225
8804
5242
9679
11005
12545
291
1422
11902
3870
11688
9194
7900
4027
7965
3075
6123
12704
2397
6846
12792
9924
8411
5934
6309
1344
1117
801
1427
2356
4094
10994
8016
8424
10709
3804
5383
10716
893
5853
10252
8034
4664
12291
9573
12682
10482
8249
1588
6731
3451
4595
8875
11959
12343
7458
8669
7615
4138
3769
5479
8419
11184
1957
10970
9477
8975
8809
9518
5352
5723
2811
195
10083
512
402
6311
2531
3523
12776
11446
4619
3408
9644
904
4976
10902
2410
5436
9729
11142
11764
6085
2456
1809
1673
2876
5315
6179
9828
11144
10167
1265
11199
1160
2766
7917
912
7431
4491
3845
4028
11952
936
6014
5830
10724
2934
4283
12530
9840
5100
3753
2102
9693
12669
10926
9370
3910
2987
10811
9943
6694
4901
8266
6294
4050
10570
8448
4209
446
7601
9345
4710
4914
1610
2497
1559
10202
12405
9836
5121
4474
11400
6305
4510
3433
429
5724
2690
11893
7292
11437
4973
8405
10637
11326
1878
5373
11338
10697
3357
11435
10350
6793
7041
4301
2451
3923
9326
5334
12588
7331
12649
219
2462
648
6947
2849
3894
3144
10401
8665
6116
5686
3538
2798
7666
10775
835
7381
3
10461
10081
5145
1429
12769
3342
11545
4626
2190
1629
7523
12099
2722
7176
10073
1642
8761
4537
3625
3738
6069
2152
3290
9169
7027
6858
7722
12508
4711
8090
7059
7052
5799
6236
8715
8926
6634
12797
9657
11018
2261
8596
4742
4602
2143
4070
3919
7216
8728
9670
2438
621
4417
10145
4459
8461
11474
9369
3857
6643
8650
11993
8360
3203
11260
5855
8376
5262
11044
3300
12216
8767
6068
12635
1740
3535
968
4262
6235
8147
1018
9596
3165
3327
12240
12619
10007
6887
7924
12732
3511
7092
12165
4904
3278
7299
2664
8495
10381
558
8094
5586
145
12249
3173
2186
7201
6564
8207
5362
2775
8768
351
8854
1334
9349
11022
1520
5260
5900
10503
11509
993
5597
10466
6340
7094
8328
4505
11200
757
7689
4183
2245
6539
4986
1015
3482
10251
9690
1703
2795
8565
7108
3568
4577
3181
2864
7784
5872
4346
6611
10800
3067
6018
9222
11523
7522
6545
4466
2916
399
8096
6225
7088
3763
8583
12495
7312
6719
11086
9666
7695
2514
10431
9708
2800
11618
9232
10820
261
5427
7419
1776
9333
5196
11190
9975
1094
5698
485
1846
9868
7040
5549
7316
9430
9495
9252
12589
3092
9183
7151
7322
1418
3015
7261
6553
12117
679
7648
2768
1571
339
6168
12208
3822
2697
9038
9178
8113
10974
6094
9901
134
8089
7771
2396
10484
5025
699
11287
9585
3209
7190
12059
8136
2796
8000
194
1818
12386
5558
10567
7323
6771
2417
3363
7049
418
4180
3575
7383
5551
7783
3552
5380
8290
11546
6337
3928
9027
6754
12686
3981
5800
2277
5134
8054
11889
5736
8262
7961
8295
2433
6591
6730
12543
9074
10277
3605
7847
8095
12325
12632
6008
1076
4808
6589
5873
3470
964
8522
10921
11922
11938
8385
5526
1793
11673
159
12060
12688
5247
10855
6177
726
6561
9133
4382
784
9364
4448
1249
916
5879
8899
5106
10341
2820
7448
6864
11808
10786
6689
10018
5563
10087
3814
1469
4608
11534
903
3190
10176
10930
12164
804
4049
2872
10571
7951
8220
3759
2530
5865
6516
10397
2446
6669
5622
9851
11703
4870
2937
8515
555
4570
4156
3526
11806
410
5043
2291
11187
52
530
4915
8508
3094
9534
9077
2421
1174
10396
4151
1941
11357
1635
11484
9013
2716
5932
9049
7337
12063
9509
10113
708
6965
5112
8937
6950
1180
1105
5977
234
12175
7721
5914
1802
2393
2774
7604
9151
4508
6509
8950
1970
347
7288
4719
5316
12140
5350
758
3420
6656
874
9262
11623
6686
5755
12036
6189
8150
11514
3263
6269
10103
12621
941
11643
4851
4131
11174
9663
12680
4603
2140
160
10169
6769
865
11205
8569
7200
11759
2107
1392
3215
146
6609
2046
1666
7789
585
4776
5238
7480
12394
34
1686
2054
11606
7164
6106
6751
4504
11936
3689
1078
5083
342
1979
5695
10328
10254
10770
10523
3543
12749
6859
1517
4078
5399
5953
2814
8766
1578
2974
12693
12033
7364
6217
4358
1882
2273
11410
3413
4323
9673
12789
9812
362
3033
3787
10427
5726
5985
8033
11489
8356
1118
2067
11009
7301
9710
10618
374
9954
9992
348
1687
2940
630
8726
5241
667
3498
3796
10347
11063
9108
2999
7392
10344
8302
2681
1778
12080
518
595
12687
2903
11536
9271
5076
1962
5987
7079
9998
5847
2386
123
8943
8881
8246
2181
1032
4141
9571
4019
4649
7511
7752
1233
1798
5092
10605
4947
5480
9265
1010
11305
1835
5941
4895
9160
7163
8233
12746
1837
2992
3265
4881
8807
2099
614
3792
8675
8442
9946
12431
2389
1069
3316
2221
9838
9032
8062
9483
6429
7509
1948
1513
9921
4268
2449
3246
2769
5803
1971
1749
7366
3826
8703
7075
5841
3915
8930
6878
2230
5898
764
8274
451
3377
12120
11414
9531
103
2517
11272
5552
1374
2483
12330
7388
4303
7119
3987
10886
9616
8493
6558
9847
7026
216
12573
6117
11834
11503
7421
8744
3449
5642
6768
8923
11236
1455
2543
8231
8483
4650
11522
9291
11341
1997
6037
4420
6292
3019
8368
7111
4223
7850
2866
9766
2034
6549
8347
7231
10458
9723
7766
9636
791
4102
2600
12748
2594
6986
1931
2367
7508
5301
5378
12410
8636
9614
11501
6473
12008
11748
12324
2355
12415
8805
5739
4920
8242
4092
9159
11585
8381
10224
6784
8973
11025
10937
8213
2473
1042
768
4780
9296
12133
7644
1337
3285
1370
10248
9045
6951
8631
5963
2707
7732
4140
8806
4585
1625
1504
888
11933
10728
752
1652
4740
7066
8174
7982
12475
12457
8216
10449
8853
4235
794
1586
2407
1253
10338
8548
8616
2680
4436
5216
4018
3400
3730
4170
965
7846
7631
6478
12659
12104
9234
1806
7474
546
11704
9414
10309
5620
1023
1503
1361
5568
609
11007
8672
5178
5497
4492
4175
4956
579
1904
6273
1257
6077
11047
11286
7130
6301
1984
6083
10291
8834
5317
2706
6927
7874
12199
9535
6082
1498
11189
12484
11263
2047
2847
1609
1284
421
6343
11252
1319
12636
8212
12005
5539
10816
11555
950
4940
12023
11853
9595
10173
1097
12207
22
5285
5838
4483
10819
4146
1375
12712
11385
5053
5595
8598
7675
6904
10609
1068
5927
7198
1697
6547
6304
12550
10298
4398
9101
11455
11223
8745
11544
1226
730
5351
10193
4639
12731
7494
4526
11481
9964
8160
1547
1461
8191
8434
6800
4182
10332
12127
6960
7563
3880
12181
786
7283
1476
400
9530
12378
5487
3734
12189
5844
2881
5003
9220
7627
3286
4096
2390
5481
6896
852
909
10663
9898
1823
10398
1235
2904
5228
1886
6267
2350
767
724
5533
5036
10066
5038
5614
6576
12007
8630
6665
3859
7571
9024
1373
7291
1170
4087
7402
9353
10079
5532
3935
9493
2479
928
7640
1438
2846
2720
506
432
7499
4390
4160
3403
119
8380
9801
6190
4725
9177
4089
11796
3000
10895
7008
9578
9756
11469
3950
4774
2116
10573
3920
11940
5012
77
8466
12707
114
8519
7605
7949
6278
73
5749
2789
12552
2463
10253
6750
8789
1300
6054
884
4452
3232
2851
11658
5666
4615
878
4921
10896
5635
11036
1082
9824
11299
8843
4627
10340
670
12321
822
3663
4543
15
717
5509
3656
11479
5821
938
7482
9491
6554
8813
5382
7790
10954
3188
7435
11039
5747
6000
6916
10105
5127
403
4967
2370
10659
4890
5944
12232
10687
9814
854
10684
7223
10095
10608
11851
5470
437
6297
9512
9016
9938
4377
8438
569
5291
459
4916
6642
4199
2351
6941
8714
12423
4883
3113
1889
591
1605
5708
3485
11060
8934
6893
9401
9182
1866
11583
3670
8756
605
2313
6130
8474
1221
6832
7861
10388
12047
8858
6336
8343
11947
4000
1022
8458
1922
3811
4734
7173
6507
12444
12745
4193
4341
12162
8205
2828
3820
7195
10717
1539
1159
2990
11524
221
798
10861
2487
2724
11171
2841
1668
7776
4618
697
4039
3079
8010
7579
9199
10323
8456
7033
8896
57
4259
9606
9918
7152
7320
3129
11775
1653
8252
12039
925
11468
1942
7012
7709
987
1153
803
5792
2419
8542
2725
10955
6799
9261
11820
8323
10826
6911
10479
6723
173
9950
5253
3047
2207
8872
11255
11941
5465
11740
6488
1339
1660
6392
10673
2787
4623
12130
4429
5643
4133
12000
9971
5089
11177
5672
6541
6923
12701
10188
11689
5113
12450
4190
7825
8700
8537
12258
8487
12461
5756
11908
3571
4
12069
9110
12541
3008
9532
1929
4422
9363
8019
5884
1932
4540
1644
6279
5819
3587
2790
1289
1834
6711
3667
11943
11994
1229
9200
11265
11969
10557
1690
4748
5658
10059
9379
6187
8422
10153
11824
12312
5528
1113
4723
8772
6394
5476
1360
6313
2538
5707
3454
2305
6905
3338
9705
4309
9106
10640
10590
1579
5589
287
6143
8644
7018
4313
629
1883
3112
1285
5593
9790
2467
3024
5449
11375
6203
9598
11675
2649
8693
9665
276
2384
11169
7257
10925
6411
3618
3199
8788
2879
11593
5034
1026
3717
10885
6272
4261
6900
11367
7621
10246
5899
4961
6173
1487
5056
1977
1210
567
12430
611
4443
7978
7654
4715
2494
8156
6065
10696
5197
2423
12097
5058
596
4636
5044
12493
660
5937
2322
10778
9040
5267
5486
6908
644
8126
926
7224
5396
2648
2208
11980
4726
5087
11781
2694
2691
3776
6881
559
7868
970
5426
4385
4665
9475
3980
6424
81
8670
4014
9452
3136
10009
10405
4698
6993
2949
728
6714
1955
433
3102
7970
147
12349
2492
9405
9781
8713
9793
6351
8241
8723
6969
4325
11218
6907
10132
441
10558
11303
10102
5055
7963
11167
3069
6169
3236
9354
3090
1222
3093
9302
3037
5777
6780
3627
4964
12584
11942
10821
7681
6972
4934
12209
5081
3332
6320
7368
6461
9396
4587
9051
2823
8346
1017
11665
319
11532
4550
7354
5636
3807
983
7670
9449
8694
10417
584
1151
4311
6790
513
1444
1070
8888
9310
11453
8707
7146
10591
11256
9393
11717
5920
5064
3823
9137
2016
9902
10213
5570
10352
7251
4857
8799
8909
9850
11011
10876
11605
7886
7780
10367
10555
2163
2443
10069
10380
5629
2597
9951
3840
832
4396
11292
10321
9511
5547
4523
299
6866
5734
957
4820
10894
3852
11343
7274
8711
241
10345
10524
8227
1901
12369
9835
6308
8468
7521
3479
12292
7540
152
9624
5972
8051
10863
1665
12477
10019
11895
8364
12384
7032
11337
10144
8559
11904
11290
7759
10572
7940
6481
1884
5578
9683
5140
4902
7501
1114
11229
7726
963
6948
8776
7801
1902
4594
7295
4279
4572
7731
673
5774
3107
12046
6635
1419
8689
9419
4690
6176
8740
4424
11999
12520
6374
7745
4339
9263
9461
7551
1614
3099
4148
6918
12787
8970
12303
7373
6347
6530
7610
11598
7642
2660
2477
2520
5310
9434
2965
4667
2442
9528
8447
7816
11769
9597
3334
8626
4513
7339
2678
7662
8103
7457
6577
5888
5886
10940
4907
11991
10549
10657
7910
6467
12279
5842
9439
12643
12603
7367
1365
11785
1647
934
8283
2335
4335
8812
7797
2110
4685
7080
9459
10109
8408
8012
1346
4295
4232
4328
7575
9395
69
12242
1965
10438
10056
9030
3884
5894
9021
1077
8496
1522
3592
12061
4763
8733
7477
7321
1436
12720
281
1727
7500
1987
7396
11571
736
2596
12146
3287
11237
6906
12383
9655
7039
12685
4143
2892
4630
1534
7760
7294
273
6426
5816
3958
5702
7082
10408
507
2445
8420
7344
3012
10263
9866
9415
3986
12402
6326
2573
6489
12222
2555
6568
4414
6762
9744
2375
9945
11301
5187
6384
2653
10934
8879
6843
9927
9328
1450
10647
10444
8195
3127
7398
593
6205
12756
2135
8551
10802
7300
9720
9754
1608
3288
11172
3921
2954
7468
1990
1943
3043
12373
1974
7958
3902
3266
2011
12045
12516
12424
4008
7377
122
1729
4666
2756
3751
10803
5836
6160
10057
1021
9260
876
9761
10652
3061
9256
11855
7259
11318
2015
3312
4855
534
2668
9251
5359
9809
6662
10931
1933
10154
9854
4878
6268
6300
6379
1063
2003
7310
4556
1891
25
7141
5954
1331
2854
10053
6386
9139
3432
5890
4287
9533
785
12123
8273
2173
8987
491
8514
6257
6015
1139
2717
7932
3942
8732
7637
8190
3218
11805
11421
11162
5159
12052
10088
2359
9048
5288
9848
12201
12065
9841
7711
8815
573
5210
10406
10810
12051
5757
5691
12190
3050
8642
8171
9195
1400
2395
6244
9066
8751
8235
4679
4990
2947
1046
226
4945
7397
9076
8893
10385
4798
5867
12003
11176
891
3896
2511
6381
4987
4312
9892
8002
7217
6726
2840
11311
7158
1033
5730
543
2354
2453
168
631
3756
10337
8935
8777
6121
4111
6899
1037
1529
6185
12043
5936
12608
10789
6815
3801
9147
7187
2610
5759
8523
10845
6574
2914
8047
10773
6767
3320
9480
564
1268
11771
6414
7338
9494
11164
99
651
4806
511
4767
9771
11384
8939
2115
7558
3619
2721
3761
6704
3780
4460
3368
7394
2747
1748
8110
289
3384
1259
9318
9635
2842
1330
8478
7992
3529
694
8285
11216
7428
11441
7528
4285
8770
11600
3675
9181
10602
6502
4821
4110
6593
7859
7574
996
2564
11801
5483
12407
7646
11423
300
11631
12290
6402
9909
10483
6124
12532
11111
9867
1126
6107
943
2392
377
7690
7714
1639
4364
7769
2113
12367
3329
1525
1144
11577
4628
293
1172
8752
10654
3562
9286
1833
7973
11302
7273
11926
5728
2422
7986
9615
3039
2097
9550
10124
678
6695
3419
9972
11277
113
4813
862
11035
4724
7538
6458
10981
10732
6805
242
8877
3462
3234
7481
6777
3145
74
10137
1002
9610
11850
8203
12577
9689
5613
4083
10613
3155
9418
1102
8955
2577
3410
6154
6170
308
12016
11651
4622
844
11485
661
8263
11091
8153
11899
2562
6213
5381
11864
10584
8730
11206
2890
6437
5925
9099
11535
5982
11670
368
10100
3051
5662
706
704
412
561
7387
2262
833
8964
981
3906
6653
9095
426
5621
6276
8531
3686
4712
10226
9503
12301
11901
5417
6439
8282
1511
7029
8080
7306
9957
2618
3211
2108
11713
655
9374
11747
10080
1286
2915
2778
12557
5377
9827
9113
2502
9748
9471
6676
5435
12176
7095
10166
2258
6819
10155
8736
8197
2611
8731
3153
1098
140
2256
6552
12380
180
1459
1828
10881
11646
5780
702
3700
3653
5922
12184
1079
1865
8172
7129
1051
11607
3493
2168
10490
4487
9025
7920
7314
5146
1086
9731
100
9441
6339
341
7340
2928
12773
11109
8538
12338
9762
4673
12163
8903
3699
7679
6738
11803
10582
5901
9100
10085
3853
271
11191
2696
8342
2501
474
10161
12236
11020
1167
5810
4055
2114
2368
5318
10718
5601
6150
2709
514
5093
7166
6744
12371
10569
5501
1898
2801
9236
7954
9842
8313
8239
9485
3747
1945
5534
11130
11573
4980
3412
707
155
12267
7842
549
5031
11030
11274
8749
2178
8183
1236
1189
7497
7466
3168
1601
11158
3521
1712
8659
2341
12542
5032
7791
7258
11828
4841
9446
2071
338
2128
5712
7371
11496
129
947
1669
8887
10714
7243
2960
1474
1142
12030
3634
2093
2362
8753
7462
4923
3872
12570
11596
8839
8340
5142
11907
9554
9905
6936
10446
6818
2036
250
131
2887
8063
10801
8348
7713
7247
672
12109
8780
12287
213
10413
2641
7678
11153
5815
8725
10822
5048
6747
9680
5230
236
7410
7212
2206
2310
3036
12022
11867
10509
7336
9674
2763
11976
12306
1060
11770
7830
2137
3716
8901
1358
11876
6966
2312
7881
6475
2205
526
12650
5415
604
2141
5428
2850
2005
2035
2380
1109
1187
3484
10874
8991
11735
922
4896
12195
5419
9785
497
12191
7804
10289
2518
3401
2586
10130
1353
9290
8990
9451
1908
8527
2541
5499
7683
4421
7514
10228
2533
5046
5697
292
6632
10204
7529
12108
2743
4017
9633
2905
4911
11454
11363
2693
3249
3540
11729
5729
2655
6728
1367
3682
8367
11786
3768
8199
1736
1507
3383
9506
10217
10234
5905
5714
1585
7969
9492
3369
12171
11629
12132
9390
2588
8238
1220
3353
1980
4305
9312
2540
9301
11440
6716
4034
1045
4273
10971
11285
7905
8758
4567
8746
435
1251
2583
8917
284
5530
3483
2247
10000
12738
7013
12565
3295
2326
5784
8561
3974
1146
8773
9347
8293
2429
11837
1612
7425
10817
3794
4796
359
11714
9235
11632
1049
8552
6874
4564
5812
9456
7584
108
9874
5333
4001
494
3817
12142
4144
2074
1128
11558
5166
7192
12714
11352
4858
3253
9117
3130
4244
1464
2880
11209
2048
12794
12497
6594
11324
12665
7818
5882
3116
5967
5700
745
1389
7227
7593
701
2670
3569
4762
3715
8440
1202
9479
5877
12575
373
7665
62
1766
7863
4225
1682
2000
3661
1914
7007
3984
692
3248
8200
12252
7967
6039
11098
4250
9637
11415
8932
10505
6025
2219
6119
8836
442
5564
3231
10191
8081
4601
4389
11965
6416
1972
9143
989
8954
8305
9743
7103
8224
1906
3063
8865
7172
10594
3416
12266
12275
8044
11070
4943
12706
2344
9883
1219
6925
10353
12174
5942
1307
5422
1936
3418
519
12233
4917
8481
1649
8509
2302
6312
2252
11006
915
2580
6551
1328
8500
461
1843
9280
7506
2998
3276
7433
8430
12564
2545
2581
5512
11391
10972
4519
5505
5577
3539
6619
9508
9697
1134
499
8027
10048
4604
2991
656
9458
6353
1138
9287
6546
10460
7345
3358
5209
5075
9659
6027
8050
2027
8208
7467
4516
9581
1528
1655
471
9203
5303
6019
10485
2183
4974
5741
7062
6705
12397
10227
1
4816
12064
1061
8032
3696
12722
6703
10187
5670
8271
3030
2002
6801
10791
9602
9669
4079
2469
12675
6495
11751
4532
7634
5459
4795
10308
2374
9556
3800
5843
12509
4192
10533
5701
10138
1634
12353
7764
8352
7472
117
3795
10296
4469
3851
10437
11701
5531
10072
2592
11788
7504
1194
5221
3941
6078
4037
8918
2727
11491
9424
6824
7806
11002
4423
9890
4801
7555
11227
6630
12529
3791
5771
4088
5030
3806
489
7233
11096
10297
8855
11822
5116
650
11974
1543
817
11152
11262
3225
8112
5346
1659
8240
6830
3388
8791
8250
11459
1986
4468
4733
12677
5060
306
10327
6174
1003
762
9442
8947
5037
776
6089
1735
2637
8929
7420
7177
1675
8835
8505
6365
11140
1537
1279
12246
4113
5581
12110
2682
11368
1638
6834
4886
88
6836
2622
12593
5169
4575
1338
7694
7710
10159
12015
8498
6449
872
1765
3114
10712
11145
1808
5902
3577
12620
386
10667
10838
4538
11619
7239
2364
755
10856
6677
6575
2457
11447
8851
11560
9930
9185
207
3500
3772
1753
11131
3172
7705
6949
11949
10507
4072
7945
11061
2591
7598
12622
8186
7557
1830
2896
6444
2911
9961
3125
2498
9941
130
2471
3704
11151
369
10473
310
5478
11973
8684
9648
1458
11588
3739
5353
2957
824
6814
5101
10554
10978
1574
10938
12329
10641
1910
11320
586
1836
8463
3313
9660
5615
4221
2907
6931
3664
4057
9092
12187
8471
11374
1751
6240
11540
11475
6410
920
7596
4563
10840
7073
5587
4761
1515
7395
10422
7612
11518
2546
11582
3581
9277
11222
6586
11706
759
211
11365
11909
2084
11763
1269
1479
2752
10181
3250
7730
3652
7701
7767
3534
2627
7311
8662
2478
6928
9859
557
244
3999
2802
10143
1663
10694
3147
10359
1790
10149
2080
8831
1093
12157
7810
8387
7302
6234
6445
7229
11373
5125
12300
5948
4447
8018
11520
3964
1074
10372
9607
170
8802
10058
647
8091
8651
12317
8738
997
9734
7105
6395
9656
10612
12793
8162
4512
5926
6104
921
11783
6664
6029
7688
245
8530
3492
11412
11637
4737
5554
6155
10442
5651
4859
5182
12766
2103
6204
2930
12341
5108
9688
2391
9008
1055
12359
4321
71
9797
9411
3298
11930
13
7124
6053
10939
12768
1356
4810
9641
11795
7613
516
9088
9882
4885
5237
10064
3267
2193
11079
9464
1819
9799
10240
1813
12735
4478
5252
11075
10833
2556
2567
67
8605
9397
10979
985
6450
12539
1127
8234
8106
3522
8180
887
7893
6825
7620
9978
2349
7686
5137
2311
9127
318
2744
7069
6729
2797
948
2134
4625
6855
414
11757
6940
7570
1108
8660
7807
9698
11720
6057
9875
6401
11185
6342
3028
10454
12025
6166
10158
5604
149
11898
4770
4887
931
2521
6241
9227
1743
9150
6888
6332
6050
12653
10312
3193
5561
10115
7673
1031
3698
8769
8066
9900
8329
7098
1620
8600
3648
5860
8869
6652
5523
1824
12154
3041
9795
6393
12204
10923
388
10741
11681
5358
11526
6055
12009
4369
6118
5962
1388
1320
2761
2780
5393
7751
239
9735
10370
335
8470
12261
12562
1423
11197
1318
473
6542
11361
5296
5984
3447
6125
3282
11871
4554
7630
10607
3869
5515
5959
7194
2091
1502
2894
11310
10207
10818
4059
4167
4777
7440
472
11608
5655
9120
11058
2535
10261
7773
4310
3842
2993
2343
3681
11280
2303
1480
1451
8223
2236
7208
3200
7267
4824
2574
7772
9372
1632
1589
6476
11597
7430
2926
8287
3647
12393
6293
11224
3881
3035
1988
10119
9420
8374
9677
1184
8308
12679
6865
3866
6417
3600
10184
8114
11776
90
12212
4547
3458
4418
8182
12463
1403
1704
4758
4450
3382
11418
7822
12631
5619
5184
12616
1191
2534
7055
3475
5656
684
942
5610
10670
2285
5721
7436
7455
4709
2726
6755
3816
7879
1345
8510
4525
6708
1540
420
12640
2420
10243
11953
2829
9264
8294
6688
12507
5807
3908
4237
3948
3789
8406
10250
2764
2988
1759
3559
10627
5607
7476
10026
41
3233
12660
6540
4672
10983
3933
6062
5133
8894
8453
7360
6318
9757
5566
3214
12173
3430
10249
1969
2100
144
9067
8272
4928
10763
5007
2959
544
9861
837
9649
879
12354
8826
2332
2447
6873
2249
2933
6637
4212
10140
203
8061
9250
8602
10662
2791
9871
5652
6627
10997
11630
8567
7219
3988
9879
10447
9484
599
12365
8218
8528
1938
5849
6243
11708
2980
5439
5117
5207
5017
1084
8643
3623
11790
6915
8748
1484
939
892
380
7438
8838
3469
12548
4646
10186
3847
5212
5061
5269
10453
9188
11744
4023
7353
4717
6964
10982
9029
6157
7303
11477
4024
11186
11308
9594
8921
2944
8122
1924
3723
4865
7028
12148
5312
12615
9482
5448
1342
5579
8977
11295
11077
3183
7530
4119
3722
8157
6933
5591
6199
8383
2666
6772
8256
4580
1441
2188
2662
9568
8314
1470
6302
7077
9832
8734
6877
12264
10751
10553
1001
4401
8333
9247
7412
2398
12726
5540
3322
5231
2942
8395
9749
8619
7016
6261
6570
8905
12151
4529
9299
11492
4475
7351
9254
6898
3622
5349
5866
556
6352
7656
2228
5401
8924
11245
10727
7014
2519
2411
125
4653
5256
2975
3273
4732
11257
1122
9055
9070
4253
12304
267
5626
3982
7581
4559
4632
9880
4828
10935
3694
11445
10915
4788
2837
9584
8971
5170
2118
417
5871
3100
4302
10541
8472
9230
895
5647
10292
10927
5156
4204
9329
10404
2976
10795
1918
4207
3888
4157
9186
3731
3679
2542
6660
6853
781
734
5745
8479
5057
2217
1096
5667
3086
10003
1633
6307
12587
11026
976
3819
4638
4749
5766
10305
6955
11636
9278
7672
4891
2330
4496
10858
5195
1409
11766
1909
7020
1995
12096
2058
1296
562
2539
94
1849
2299
286
8409
11817
5864
10416
11865
4631
11084
1254
2759
790
10525
3088
7255
12604
10294
6773
6108
7852
1260
10750
7889
8584
5176
10086
4954
9922
732
11682
6512
5389
4488
2625
10504
619
9098
12396
4054
4229
11099
2970
1656
7282
9128
4948
10784
4909
5947
5404
1854
3770
7036
10343
3103
8267
5192
11351
5600
10492
8480
7719
2404
10129
11986
4514
2867
12041
12544
6782
3098
382
1789
9211
6673
6980
4217
10892
754
11954
1417
3395
830
8845
6060
5657
5021
7056
5960
4012
11966
10890
12172
9391
5327
2148
3797
4100
70
10316
4592
9371
796
9593
6625
1147
1679
6280
9712
1598
11756
6457
1164
2606
9887
4093
3687
5077
10225
4998
9977
1246
2675
5906
8763
747
1637
1081
12601
5565
1873
10708
3809
6844
3576
7939
93
4304
6523
11430
5915
5631
1783
6957
6544
603
10796
4906
8572
10675
2510
5779
12018
1477
9651
4415
954
12471
4794
7718
2220
11777
6224
8335
4084
4850
6526
8494
393
8079
1445
9763
11510
9529
6486
6453
2809
2807
4694
6023
11674
11402
8710
3721
3455
4979
5135
8141
10134
1440
10336
606
247
1230
8278
7125
5727
2827
3938
4515
5858
12044
1116
11212
6840
320
9969
8361
800
223
11235
12610
4933
5826
11012
10402
8379
3448
1271
9525
6879
10604
9367
5648
1532
6685
3991
5518
11989
2267
6850
5308
600
626
10900
11000
12388
3771
6056
8214
7583
12739
4461
2551
3111
4871
7053
1398
12736
1959
5495
6734
1302
2010
1694
7137
2640
10854
7390
12767
4239
4584
8783
8158
9417
1927
5139
110
5674
11042
9600
9634
7334
6421
246
4056
3671
1085
5851
9625
5576
5981
9981
5336
2883
11471
6748
1050
6360
6373
10084
3237
6095
8547
2184
8793
3513
7737
3626
5429
632
6462
10653
9639
8486
1827
2246
12432
9315
3897
687
12478
1796
12644
4702
5787
8540
4081
4176
11565
5588
6592
8040
332
5361
2155
9279
6061
10547
535
9721
5395
6194
3916
4773
11178
6175
12217
31
1255
2266
12697
7832
9394
11515
2762
3374
4847
3330
11542
7607
179
7096
7547
107
8501
7717
10382
1272
440
1920
9919
5857
1295
222
2348
11116
11244
8953
826
3366
3223
7813
5773
7921
1661
5463
9198
9289
9004
6338
6737
7459
9944
504
4877
7136
9486
853
2569
11594
3604
424
4395
7865
554
6531
7415
1227
9205
8871
4613
9672
6826
5385
6140
2147
2264
10953
3875
883
1944
1852
7000
8691
5489
5000
3465
8798
7160
6797
11892
2126
186
12674
9753
2526
5638
4534
4327
12215
11572
1732
3046
10857
12355
4145
845
10583
8588
11997
6891
10114
995
3034
4161
7577
6943
6291
2175
2413
5753
7996
7068
7811
2855
5280
6389
6218
2821
11955
7005
8828
6133
8011
2635
10813
940
10812
5735
716
1393
10360
3139
3062
10785
1646
11975
6310
9191
6102
9968
1179
11010
12469
5945
2133
8518
10376
8138
2286
6399
6847
4061
7548
8304
5848
4463
10790
10288
10808
12703
1671
4400
394
6141
2673
9242
2090
1335
9238
4927
3728
5623
6091
4043
3224
2548
1387
5664
2989
1443
9385
6803
11916
8914
8632
8279
8502
2244
10118
1083
5768
6525
7723
739
12651
6954
3714
4738
8876
4700
6419
8226
6942
7268
7011
10772
10351
10255
5254
7260
11592
9789
4754
8702
5567
5569
329
9564
7510
6196
7853
9643
1492
8957
9063
11998
2803
8820
1054
3122
10761
4551
55
2120
2254
7384
3192
12494
11345
101
5273
3748
10535
7524
3460
7691
570
8196
4205
12263
12459
7034
6615
8309
7483
9253
9963
8915
643
7798
3542
5732
7121
5109
4476
7461
1008
1940
8667
1377
2334
8902
6889
1745
12624
7109
30
10542
9476
3018
553
8281
12257
6890
10302
7470
2927
9722
2124
9022
4280
8890
9620
9537
6535
3719
4699
4318
821
9319
2459
551
9786
5218
2636
5713
5529
2376
3398
975
4284
11533
9559
8897
10603
266
2295
2941
1733
9094
3781
8189
9219
6513
4127
10379
11016
1925
2123
7891
5602
11935
11760
356
1840
2260
2309
2776
1016
688
4230
2844
11809
1309
2661
8878
5181
7218
9019
10720
9819
5632
5126
10744
7447
4562
11428
8008
1831
9603
7452
11693
9317
8679
5833
6314
7492
11483
7786
1305
6385
11276
7562
8841
12077
3463
2874
11845
4528
10888
2440
349
230
9719
5917
2382
7179
10135
6287
10060
12515
397
5644
8261
8575
11420
12775
5965
4960
11957
1921
11221
6135
434
2831
7824
80
4090
2083
7796
4472
7087
11464
12466
4681
7414
9750
10865
8755
9052
3578
3660
9755
1564
7471
10428
4497
237
1951
6226
9350
2528
78
5788
9601
7800
5592
639
12152
6356
5147
3307
11723
10324
2022
10638
12505
4846
9035
6454
1713
6002
12406
11397
8958
2873
3174
3478
8885
3688
9872
4739
340
2306
5270
9746
9700
5461
12053
11554
2945
7423
11033
11133
10643
3650
10131
1266
7906
2702
533
10932
11835
12713
11537
1452
7346
9221
6600
3912
9703
7186
10850
10616
3510
7202
2646
2060
5640
1667
8852
5869
4925
918
12356
6721
3544
262
10266
465
4792
3609
10996
2372
8445
9582
4506
9217
6727
10377
7828
3754
12302
11746
12754
12741
6038
3837
5276
5677
2454
269
4155
11920
8414
4827
1195
9908
7525
8847
12591
7837
2777
8072
8251
11529
10877
11106
3606
4768
7757
10918
3760
2484
8844
5573
1322
1386
3240
8005
11985
4703
3270
1188
2788
2001
3983
5924
3315
12316
3096
9285
2602
12692
1043
11021
7250
9298
3863
12073
2508
8269
4590
2383
12721
11314
9849
9730
11425
949
8884
9041
9039
10998
9547
10961
2013
8188
5364
11616
3160
11120
842
11215
3476
6087
3968
12404
4275
10082
1196
5968
1437
501
6210
11499
3952
11589
1103
10190
7936
8803
7010
9716
4338
9570
8399
4316
11126
10031
2900
9576
12206
2265
2405
849
1007
10701
7489
3131
1207
2981
2431
7450
6693
8015
3629
3438
5124
11634
2805
2585
2630
154
9820
4900
7661
9742
10730
4982
529
76
4800
1431
2157
3045
11482
2931
12234
9438
4334
8796
7263
5413
9915
3023
2968
7328
10041
3027
11543
10418
11995
10580
12782
4599
8435
6740
10283
328
8719
10219
448
1150
8524
8945
4924
6995
1463
5818
1839
7927
3871
2672
7519
2638
9983
2073
385
5976
4701
10006
7197
9197
14
11241
3530
8568
1875
7964
5761
193
1870
486
2488
10470
9813
6952
12723
12502
8137
12364
11880
3993
10805
9988
4402
12581
2948
5862
8465
10964
12398
11358
12028
11511
4729
6109
8243
6357
9283
428
12294
5122
7342
10853
4905
6604
8677
4292
11336
7469
7599
12718
5775
5943
9994
8503
2160
8059
4760
7566
11576
7252
6138
1711
10693
11858
5537
8185
8668
5020
12525
11712
1896
7934
3349
12223
3262
10107
10475
8315
7249
12192
7802
1512
478
538
1710
12448
5339
445
12472
9774
4136
7658
7533
3302
6650
11193
11655
5265
856
6183
5996
481
48
4330
10792
4882
2239
10029
5988
11143
1848
1324
5095
10023
5190
6645
8451
3159
12421
3502
9986
8013
3709
6254
3434
601
7135
6048
4432
2198
12442
6725
9421
12617
381
1903
6981
1982
5246
5227
8084
896
6587
4216
11037
3620
2079
11838
4265
8181
5251
10290
10984
2068
8942
548
12760
7025
10512
6766
12250
5309
5750
11660
7734
6231
10969
1425
6093
1405
9931
1872
4426
816
8159
5804
894
3646
10196
11254
1847
969
6700
3932
11860
11023
3391
1143
5002
10804
11779
10096
3892
5835
5018
5913
3339
1817
1728
2593
710
11438
6761
9891
10837
11004
7389
7048
7649
4399
5090
1075
11429
2158
9341
11831
4477
11306
773
7725
8697
5425
4793
12193
4191
2342
3216
700
2072
1755
4388
1376
8108
9148
11208
7696
1981
12328
5778
9308
7162
8629
10682
9747
8088
2978
3457
7549
6265
12612
10769
11846
2781
7971
7845
4360
7687
157
5071
10841
8624
8467
4660
1336
612
10046
9807
8415
6258
2042
1844
5989
112
7569
6756
9543
4825
11239
10646
405
4203
8621
11508
4691
4281
12161
11549
9684
955
4446
2144
4676
9588
979
4617
11115
7876
7204
11102
4324
4983
6934
10093
6451
8968
772
8904
6990
5696
11467
11961
10208
3158
9138
9356
9059
4336
7269
5394
5682
4558
2629
6988
7100
467
12143
5680
2064
3579
11161
5314
5416
9244
5521
6573
166
9652
11411
12403
10168
11298
1890
8003
1888
5694
811
4387
12699
6601
9239
8129
10903
6283
378
1757
4836
7655
900
4245
12299
9423
6100
4236
12500
3274
7168
3710
1999
2817
12202
2164
6976
8532
8152
3372
913
11774
12592
2352
1276
6350
2647
1315
12468
8394
8846
7148
855
9517
2977
1110
10279
574
7762
2728
12387
8058
4863
2489
8139
1510
7628
10664
3994
4791
5162
7405
9732
10259
109
1566
7897
6032
10985
3017
11992
545
11067
7869
8119
10531
10986
5562
12633
8984
6833
3883
10849
12185
6622
6953
6607
6511
11344
2822
12344
3945
4178
1791
646
4807
6427
8952
8974
4772
9782
9741
1604
10991
3350
3361
9507
9544
1264
12504
1561
1208
3304
2293
11659
398
8925
9928
5163
11971
4640
2226
7120
6675
4435
9993
9645
10633
2719
12340
6207
3889
9865
8130
11267
8578
1708
8988
8688
3459
2414
456
1413
3423
4884
12137
6470
4560
2172
2783
3669
10766
9995
7211
4586
2503
3591
4720
7738
3230
7947
9399
11830
5400
11622
4174
5102
4467
4219
1241
3040
6286
4194
7178
8504
8045
12062
4499
12188
812
3289
3499
10433
5074
11404
5706
280
6296
11844
3427
11283
10534
12709
10794
4643
3803
1215
10851
4812
5525
7841
4153
7609
3124
5852
11403
12642
9745
3844
12278
7019
10872
2793
11890
12439
7498
1562
5500
10209
919
945
4210
9629
4403
1348
3431
8816
357
8986
11505
719
3905
9295
1934
592
10393
1853
4224
1447
5226
10568
4789
1596
7611
6164
5524
2799
12572
10844
5966
1182
4451
8499
6921
12361
12111
2770
5160
6537
10610
6328
12319
1218
10814
10320
7517
2843
3084
2513
5544
6239
4383
1993
6321
12678
2075
11556
4913
3466
7720
10564
11823
12067
911
5297
1594
1332
5434
10076
3064
2069
2733
11602
2096
389
6974
4620
7362
3593
158
3736
12506
6620
4493
1555
3291
5895
7097
9906
1726
2984
7998
4425
3258
4428
3087
9952
6967
6584
12362
9658
3072
8284
63
10574
3685
11525
3762
6371
2087
8652
10626
5725
11894
98
12389
6448
3668
7262
6973
11728
5438
8339
12119
3726
4129
379
4419
12605
12561
240
12416
3893
9869
2919
6145
783
2318
12107
8727
566
7739
12742
6209
7290
6638
10683
5961
1273
215
4522
4654
5397
1355
11381
11586
2394
68
8154
2294
12727
11372
2936
1162
2819
11378
12372
3424
9365
1996
4869
5520
11642
452
4888
10689
11927
9694
2129
2689
1141
7817
4068
6971
10860
6961
10439
1894
124
11139
5235
3489
12085
4257
9257
3518
9047
4835
7054
1168
9338
8564
8919
3995
8654
7623
8821
9042
5294
9856
2056
11495
4823
10655
9443
10510
4935
11967
8404
6193
4416
9413
12012
4549
2862
8513
8069
3014
11934
722
10765
12027
6491
7840
11401
6070
12702
5582
12296
5935
3259
449
6220
1947
6588
5940
2240
7495
5049
7284
9877
8299
6528
7911
3659
3068
4075
2179
11465
5641
3645
8326
9769
11928
11564
11083
3406
11825
11753
10552
12553
971
4479
6783
10711
11271
8009
11633
7089
243
3201
8289
6172
8961
358
11350
10044
5322
8781
2506
10163
8594
8830
12498
490
2760
1709
735
2213
10325
11604
6315
12141
11842
3890
4069
9987
7305
9579
8579
5248
7118
8215
7808
11220
4706
2412
9806
1237
3060
8916
3379
5430
343
9332
6852
10039
9826
1404
8536
8576
11281
4132
3443
9692
10126
5151
4811
7788
4456
753
531
6595
2399
4169
6380
10842
3651
5313
9352
3808
4565
8696
7707
9803
10513
8792
4361
11512
7063
5390
12774
3900
361
4085
836
9248
4705
9170
11105
372
8042
8867
10899
7729
2151
10215
1619
5458
1311
5408
958
10946
12486
3970
3516
1067
4184
10943
4755
9428
11436
11427
11179
5158
5738
8827
3163
12280
7149
4500
6977
12105
1314
1034
10702
3128
4307
2631
4173
7866
10622
7914
1059
7416
5910
12342
2634
7700
9558
4867
2317
258
9917
2101
7925
3598
9740
10054
737
1446
5451
7942
12795
7335
12576
610
1354
11014
4433
9368
4234
8017
10884
3947
10975
2142
9760
1501
881
7502
12517
5289
819
4337
1900
3371
3101
6930
9340
3207
60
11918
7156
10676
9695
951
12527
5233
11987
4862
6128
11371
8938
2495
4035
3614
3745
4611
5130
6702
10274
2216
7981
10965
12559
4764
10011
3676
4109
10310
87
12089
11507
714
11946
12422
5059
5450
6073
907
8618
3617
3631
4405
11854
9062
2549
10456
9119
6262
12690
7543
2615
7145
32
8464
6657
1165
12784
1516
2196
1013
3044
5179
9228
9472
10830
4495
27
982
4996
580
3972
2910
5767
5654
9337
8997
5011
3091
6425
6081
10221
3517
3228
7882
6212
5921
5995
5668
3071
12001
12533
8666
6596
11595
11315
10285
7270
9002
1112
8076
10304
8388
12286
3877
6618
11972
12113
4086
3275
607
3157
3616
2061
6255
3775
8593
2735
11718
953
10578
9043
2029
3333
1781
7928
6902
1371
116
2063
3317
1133
204
11090
7821
2081
751
12503
11570
12103
3976
10256
3311
2225
10078
1770
8204
11917
5407
11289
10904
3296
3488
313
11538
39
8840
8454
7434
10520
10045
1915
7083
10527
3166
3821
7724
6926
6472
12086
7359
5261
10410
11710
7003
9970
3326
4589
3343
12
2654
1780
9767
9130
12433
12751
2050
12719
10781
9001
6317
10704
8485
10692
12358
2683
10951
1535
4063
9962
5278
12456
1627
8681
10148
1983
3362
8439
6063
1394
1769
1842
6924
3196
6134
4137
1349
740
10883
5649
1363
311
1390
12623
3784
4171
8145
7559
7671
1851
9796
738
3095
5103
11346
3042
4541
899
6919
7676
8373
7067
270
5559
2985
11225
11291
7210
5466
8676
9516
4815
12796
11394
10362
3184
10688
806
10521
3138
5584
2560
5085
680
4566
7645
7437
11473
1012
5793
6798
3868
360
102
9378
5474
5829
3524
8634
8338
5041
7406
3758
5299
11539
3832
12289
10628
11119
7999
924
5493
8944
54
10632
662
7955
6999
12221
6882
10403
6263
5817
6256
709
1475
8030
5840
8585
7567
8421
11687
5281
3732
7101
9167
11677
462
11873
9297
5302
6303
214
1874
7485
7848
9895
5051
5789
9473
4343
6289
5527
11080
12092
6344
6989
6582
2468
1066
9768
425
2253
7131
3381
12547
11657
50
12519
5863
5660
2388
2209
11667
5605
1248
4347
11719
905
935
1795
4112
6884
5104
4678
6122
2377
3054
2346
9274
6759
4291
2645
4254
8
6504
1664
7350
2045
2921
6572
7150
1095
10122
1025
3268
10611
9552
317
6498
5320
12598
4308
4391
7445
3597
10028
11360
11052
9934
2608
686
6736
3931
10271
654
4941
10649
2237
2212
330
11460
2436
5132
2642
3783
1486
7024
11818
9647
9031
6674
4578
6739
11672
6333
10539
5022
1435
10200
7960
5443
11921
11923
12326
8526
4073
4286
10593
10387
1421
6223
550
5606
9305
1968
11778
12058
789
4473
7123
8449
827
8046
366
11650
1816
9546
9976
3967
83
12750
3176
10548
851
4533
10656
577
12522
9020
3456
5243
9105
8127
7352
9940
11862
11149
7706
3210
8144
2201
7641
2699
12050
6242
12460
8270
6514
4582
5245
3415
7663
12661
7980
10049
6527
685
11833
6559
5752
9541
253
8401
622
828
2971
8759
5191
2929
2598
890
5896
8907
8610
7956
8142
8920
2272
825
537
2428
10157
3944
8985
11003
5772
12256
10293
7473
674
2424
12510
10286
2025
7203
11029
5402
6001
4114
12363
10957
138
10947
1401
12435
6829
6613
10199
1152
11478
5445
4955
2704
11386
3703
10868
4333
8862
575
5955
3185
10002
11964
3673
3566
2967
7814
7380
11074
5946
10269
4931
4482
9853
4355
10768
10815
7006
2381
10172
10368
4449
2269
10022
10164
282
8674
8549
10342
1136
4568
1662
8024
11317
2650
1301
12040
11578
1754
5157
10962
4494
4507
6629
4658
4243
2969
3348
1415
2740
9455
2870
1472
11875
12670
12514
5837
2731
10295
10091
354
1312
6271
12348
1707
2633
886
11319
11210
4802
4912
12068
1057
439
3119
5831
3221
6206
9168
12694
11663
2913
6598
9619
4689
8169
727
7668
5154
47
11897
10192
5272
11462
741
12546
5420
1557
4107
3594
5933
760
6856
7948
12579
10678
2040
11611
11575
11452
6435
2475
5286
2233
1304
11960
6200
2996
3824
7427
1223
4655
6774
1815
8167
12054
8320
9912
848
3336
10614
86
10949
5522
1426
7277
2401
9382
1784
9778
12200
1267
12462
4202
7181
5770
3154
12239
5376
6533
4707
974
12366
2688
7716
9780
4682
8312
11261
1407
671
6937
11521
11773
11049
3729
5758
5123
10223
9783
4866
8546
9481
1238
3978
12265
3843
6012
12231
645
9681
11226
3464
6383
11836
5688
7792
6030
11457
9488
11103
199
5671
9085
6639
495
3170
10487
9864
5760
10156
5919
6456
4753
12436
10364
6659
6275
1721
10538
7819
6869
5392
12243
4427
5715
12224
10384
4298
487
5223
3532
9804
9079
9709
4091
10629
2281
3487
7286
4951
8073
3065
9608
295
4051
224
6471
7326
11247
10889
11906
1563
10239
9171
7849
10150
3347
2006
11527
10866
4294
12549
2406
1161
5580
5504
1975
8437
12090
5363
8349
1029
7904
1485
8038
8254
5215
10301
2607
9018
1892
10139
5331
11984
2952
3140
4542
7122
4779
2290
10189
2889
539
11839
7984
12203
1240
9293
1576
6860
8982
2238
8692
1424
11095
12538
7650
3692
5029
11442
2336
7107
3903
3149
1593
8993
10489
8911
12531
1855
3255
6580
9243
3841
7281
4782
274
3849
10639
3997
3612
9654
11698
12084
5511
6770
5541
12293
1130
8443
9014
11141
9467
4247
8021
4898
2826
10911
4873
3603
877
3387
10436
9241
9526
8873
9259
7553
4930
4670
2444
5148
10230
6536
9073
3126
7134
5560
10317
11563
7758
7835
7618
5368
4258
3633
9348
7931
9846
5918
2572
8566
12729
12098
8615
4314
11988
2899
12254
5507
12476
484
10012
12470
12268
7682
296
2242
12585
11282
9621
9728
3194
3527
1410
2182
8818
10807
9386
6532
6742
7704
7171
9406
9320
1779
2738
2886
1287
3918
10481
1761
1467
523
11983
9357
8475
4695
174
9982
8245
12197
12728
7369
11342
3639
2059
4958
3405
6479
431
8810
5769
7099
2529
11132
9404
8889
9718
12313
11609
6361
11948
6020
12535
6105
11362
8683
10065
10630
16
11513
4981
8842
2458
6975
10852
10071
8967
92
9536
12228
2088
1359
2358
11269
1696
5684
3519
8132
583
4669
9381
9549
6390
7542
3725
11866
8382
6021
3790
2378
3708
1958
7756
4256
1998
7064
10561
9346
2486
10729
4267
1923
11416
6092
9979
7556
9282
3548
9831
12145
2333
11857
12276
11910
4272
11392
8765
321
4238
7515
6245
4350
10211
8534
6492
946
1631
1794
5845
11069
1297
665
11166
8709
12647
11157
9240
6285
4149
2077
5618
7379
901
5880
8640
9587
4944
11128
6808
12521
2651
11001
8389
2176
11603
7393
10445
7750
3010
6188
10700
272
5387
10315
4879
7565
12758
11211
10576
12401
3247
12385
436
1577
663
10999
8599
12744
4853
5442
6098
10457
0
4231
9758
9949
4270
11431
7276
6229
2663
6252
4198
1758
3583
353
3635
7491
11541
3260
5783
283
6487
3636
7643
12560
1292
4165
