9170
3656
10566
134
4285
12408
6744
8765
1278
12057
467
11899
10950
6899
10920
8056
3292
2534
2780
6052
2180
12315
5180
6050
8601
4942
3793
4480
1011
952
5276
10015
11555
5160
12505
7459
10005
4691
6606
8327
3844
9221
4937
89
10208
10327
8045
1539
6496
11022
6166
2215
9422
177
1035
6613
943
7542
8844
676
6158
3152
1543
12798
10058
6351
1657
2578
11010
11922
4658
2495
4543
9082
12535
8051
278
9674
4659
5933
7402
7233
11599
11621
3284
9618
7845
9429
2063
7411
10827
12406
8189
11134
3617
4300
5324
4251
565
6010
7023
665
11457
5925
6660
6656
8079
11152
7132
5735
252
4296
5062
12003
10399
361
8818
4644
13
10101
3181
2092
12375
5434
1083
1680
449
5525
5158
12070
2996
5251
6224
1934
6537
3554
3052
4158
4448
9403
5695
9888
10378
1171
4010
4477
6409
12694
4763
1946
9093
5246
8491
2249
4238
11040
9474
3816
10605
9979
10319
4579
10210
6745
5307
2802
4704
9099
5112
4113
12560
8596
11536
2846
3499
2916
5357
7504
8341
2720
387
1688
3053
9146
12202
10466
2142
10530
3315
224
5295
5540
3010
9573
12795
11558
3784
9408
12789
1279
12013
3259
9614
1563
680
1259
11535
10172
4387
3749
8670
895
12623
2726
10309
400
2768
6874
437
12690
9968
11211
3036
6991
3458
10902
9085
3196
2348
3100
7672
268
7480
1263
7282
12319
6193
3009
9283
12729
12143
6051
6444
1148
9053
7526
2428
10961
8002
2898
6718
5319
3096
9936
9191
3944
6655
10055
7844
9988
12326
8442
10855
2152
1699
9142
8477
8880
9226
4821
2886
11878
4412
7046
12078
3726
8351
6250
10789
10589
874
10241
7819
12095
9089
9501
10194
7102
11797
9449
8681
211
11291
10224
7187
7548
10511
6119
10351
6895
1424
7991
11217
10303
8052
2300
8978
11422
11005
7710
5471
100
1382
1444
1017
5348
6118
9656
12571
7894
10773
5521
7409
7694
12091
10803
3681
3720
3821
8797
6227
4452
7514
6805
3899
12348
11712
11954
6796
5410
2893
3377
12444
5573
9897
9974
6938
5827
4823
934
12677
12531
9064
9469
3623
3127
1517
7962
2554
2732
12020
1967
228
7666
7506
520
7518
4363
1284
2420
6041
6268
374
7869
8241
209
2460
1642
6926
5703
8161
1034
9529
5483
6236
12239
2927
11926
3687
5263
8080
536
1818
1490
4203
6963
5208
9690
12774
10529
9275
302
8342
10437
7564
5212
1266
285
10853
7643
6348
8268
7853
11870
11766
7530
5110
315
9785
5343
9177
6416
2597
12568
12636
4597
4083
7571
3759
12016
4779
4334
1827
10792
4081
7723
2993
891
2009
6851
10310
9381
1570
7575
8980
8863
1361
2817
10534
11430
4455
6472
4829
5900
6210
6253
3050
9886
8651
8546
7267
5864
1947
6189
1109
4746
4034
745
3937
9094
3238
12159
1285
6623
2312
406
7811
11871
11767
3073
6185
2658
7762
8117
2375
1488
11262
4554
11511
3324
11836
393
4726
4431
6974
993
496
3799
7579
12090
12376
621
8697
10219
2272
9399
2385
7087
3555
11212
6916
2937
10334
4834
2439
10628
1901
7204
8650
5624
10668
11027
10396
11962
178
5894
5159
7063
5015
5612
7080
10782
2612
3466
6498
358
7331
10549
4091
1936
8231
2859
6324
8081
12026
9768
3970
8295
2016
11420
10861
5009
10372
5570
7442
8995
9364
12161
9995
9784
9531
5230
3750
4749
7184
3335
331
11238
9091
12707
3283
4105
8224
53
4401
2187
7885
4481
8120
10123
8678
7957
6811
12339
12567
592
8279
3966
5603
7568
1759
5154
4946
1371
11685
2212
1435
1908
2441
11883
10519
2851
3112
11945
8926
4640
4068
3505
8449
11331
9046
11083
11292
201
9394
8119
9369
1055
2761
12278
8960
10967
9757
6818
5920
7069
5186
2199
559
1700
5815
154
5927
5637
4822
5185
8386
7347
9019
7667
2874
3933
1830
9882
8549
10612
3900
11106
6316
3951
11998
5044
4713
7396
5192
10427
5010
11477
8714
11118
3226
9551
7697
11188
88
5696
2607
6235
1592
1974
1796
1298
7765
1481
10146
4005
6664
4955
3363
9056
11703
6164
6438
1057
6082
10492
11071
4722
7479
4155
5398
8667
170
9302
4843
10666
11985
8138
10665
7924
1329
2807
10151
6883
11187
6317
1189
2062
5590
6560
3267
306
4463
1869
4919
3843
1132
10963
7679
132
6330
3164
7435
9229
7837
4254
2627
10513
11749
1306
7255
10923
5648
1832
1677
822
3800
1411
5784
8095
5425
11825
980
401
4233
6135
2717
7413
7982
5565
7533
1006
873
999
1174
9814
11819
10579
6087
8513
2640
196
5874
4030
140
11080
10730
8581
739
921
4128
5582
2594
3635
4201
11081
6261
7078
339
9486
3980
3537
6644
616
823
12525
4982
9476
12102
1158
4877
10775
10140
12287
4899
10934
8098
12294
7097
8803
9689
6502
7464
2169
12050
9654
9958
4340
3489
407
2082
9318
11411
10203
35
10646
5243
1609
8187
10142
4557
562
4685
8555
5397
4205
2449
8046
10729
6737
625
7197
3272
12448
7001
10818
6798
847
10647
6909
8698
3443
7537
3091
9762
10924
5759
514
6238
10454
8155
1273
1509
2901
8384
5935
12622
12603
4267
6674
12012
366
2566
7852
951
6214
5996
6931
3385
962
2019
697
10122
779
2000
4940
2818
5749
7057
10741
500
11950
5442
9643
4526
5633
6131
11515
2094
1395
8466
464
3824
5640
11200
6282
11222
8572
1113
11270
5716
3000
10246
3449
889
1616
8000
4042
3932
4237
1485
10946
10864
3143
10731
3089
8054
198
11683
1899
2099
3773
1720
1381
3587
6559
8799
10693
3512
9911
1326
23
7746
8074
12617
12254
7764
12720
853
12077
6787
5592
2111
336
3755
2667
4641
5690
1059
8584
12503
5333
2550
7342
3079
2580
417
4518
1840
3868
1248
5335
9012
4303
12521
12459
10456
4370
6905
3960
2450
2781
10463
7693
9595
1388
12643
1181
9731
11818
6543
12488
12518
4828
4548
503
8354
4073
9155
5481
5005
7842
2969
3396
4702
8996
2675
3071
8424
5459
8973
12357
5882
11013
10133
4778
10590
11153
9439
10306
5977
6190
10434
480
11579
11208
10810
4
12275
2530
11817
9432
5497
7100
1555
4500
9265
1407
4049
4169
10777
11449
5259
7698
4298
4131
11615
1583
6347
11272
1578
10845
7220
5772
7540
8910
6965
11287
10359
8699
6666
1091
6355
9657
9719
2876
8757
9111
12667
6506
9453
4139
11400
9416
11955
1078
10032
3807
2264
11773
8203
10128
10068
3277
11879
1702
2494
10754
7622
6334
7021
6979
6607
6821
2987
5806
6797
4348
570
5479
12741
3677
3916
7265
4964
5146
12514
323
2636
4344
1310
7567
6739
5555
6647
10802
10867
1808
11336
10029
9730
1290
1949
504
8455
4177
10558
11982
4621
12152
9761
2327
5082
8753
63
6085
12632
7029
6813
8017
5842
9552
757
4134
3939
338
8322
11976
2779
8443
3133
12588
12661
6701
12754
4297
12230
5455
10056
246
12446
10506
2096
2134
12790
2749
5721
7472
9465
2056
9122
10252
12450
3018
365
6789
9362
2805
4966
5018
8688
8777
5490
3914
4259
5712
4064
10919
114
11246
5054
2357
2234
8708
3940
8967
7093
7285
3712
2783
6380
3176
6284
5038
4229
5145
5228
2332
5986
56
10064
4215
6809
774
5506
10487
3099
3961
9571
10302
6900
11100
12396
1406
1443
5244
5106
9624
11026
2793
5214
3589
6213
12612
3715
11437
707
7059
4247
1434
775
10163
3060
12674
4318
5060
5312
6329
4729
5961
2181
12553
6945
11537
906
183
11828
5242
4231
901
5013
897
11916
2934
2617
2211
9857
284
2734
8048
4108
9638
9372
7156
1376
4547
6448
2785
8554
1841
12007
12570
6230
11664
10561
4396
747
2727
4141
7851
4721
2049
3013
10215
1678
4180
2752
7632
1663
10343
3097
7999
4653
6857
11254
11248
4025
6396
5253
2
5752
3442
4528
7876
12751
11693
10650
10121
9617
2091
6026
6646
9189
2421
11073
1462
9255
5040
982
8369
6887
3766
3888
4195
282
7346
709
129
194
3763
5855
8946
4668
12724
3774
3109
11792
7461
1847
1906
8214
7241
3562
6878
12233
8374
623
10227
2278
6822
4768
6566
4118
8398
4246
4129
11726
1518
8653
10833
3286
9621
9790
9577
1458
6159
2457
8366
7802
216
4442
10601
3657
8428
8751
4428
7778
661
3001
7247
5700
10949
6200
6912
3411
4429
5373
11538
6735
4871
4226
11405
2347
4212
8479
2563
1231
3201
5413
1222
11359
10235
10156
11747
6648
1191
7269
3035
10320
1943
10526
6056
9935
2773
271
9448
11686
815
4290
6558
2823
6401
12597
10567
4232
11314
11774
10922
280
8570
4075
3546
5393
11673
10431
622
10772
7389
10737
2764
2929
5556
3178
6223
12655
7747
2052
1751
12662
6442
8770
4975
551
8257
234
3455
5474
8284
3564
5349
4973
606
12017
4097
4382
10856
11282
4622
10780
11942
1836
11297
8315
5025
12014
6738
3475
1420
12727
10421
9289
11780
7590
5549
7250
10069
11636
7084
11835
782
10881
8282
3708
5475
3274
9902
4924
8810
583
8190
6005
8999
5248
10846
12044
9541
7483
3996
5654
9201
5492
5058
7079
10488
6720
9239
519
38
8142
3207
187
3452
5043
7037
4109
8881
8579
4654
6799
1314
6571
6600
714
9575
8058
7871
12733
10871
10890
2841
10251
5561
5548
9426
2592
3413
5323
12288
664
4028
7139
12394
5757
11305
4187
7732
7302
3287
2698
7203
12047
10007
3660
9649
3007
12215
6879
12710
2490
3190
7917
9613
118
1682
5104
7916
7385
7515
4870
2924
1787
4104
1041
5210
9199
902
370
11204
7606
6609
6383
1010
7425
7307
6173
10858
5238
11601
12258
11021
3203
2806
12269
3025
7660
2836
5653
4164
6940
396
10429
5254
10645
10102
9179
1729
9258
10076
1675
8598
614
12773
3690
8530
10914
4963
11546
9716
12132
8118
8073
1624
4152
10011
1572
3757
4458
698
3379
12251
1282
2605
6753
8722
7646
657
545
11963
11370
2235
2981
2263
2988
1212
2043
6865
3717
2962
11735
11921
5360
4627
8728
646
713
12123
7595
5988
1608
1835
691
1838
11723
179
6864
4379
43
7147
9843
7628
9058
9763
1446
2980
12579
6988
4515
3483
8481
9457
11530
11491
3688
8438
10217
6486
6962
7381
10675
10471
2310
2132
1208
9150
8551
7992
2447
11820
10040
789
2633
2832
4602
3605
2095
3792
5020
3486
3208
9017
12634
2151
7919
11332
11306
1536
11986
3535
3682
9340
5286
10656
6780
682
2771
12141
2553
9567
8845
6384
2157
4111
5600
2241
4693
6343
9097
4921
11360
7109
4719
6276
9660
7854
5207
6523
6819
5271
8272
10761
5345
10222
10035
4492
9859
11882
11339
4697
2356
4676
350
10700
12166
10448
11474
3734
12650
4243
1689
3630
10433
7434
9809
10535
12198
5374
7823
7889
2411
11159
2296
12256
1637
2333
10131
6241
8836
5544
7075
9311
7221
1761
12728
5064
9538
8226
10552
2198
6211
9630
2354
1051
794
2042
11758
9342
4737
3321
9827
12473
7118
205
2549
9956
4675
9031
11596
9609
5613
4096
9113
1324
10600
7719
8991
12719
1638
7161
455
7386
555
6542
5838
10316
593
1887
3212
12323
1245
497
549
6047
10289
6147
2034
8085
3430
10781
12566
6349
10344
3088
10760
6086
6456
8468
11679
6803
3553
544
3820
6624
11227
4489
8326
2496
10828
1930
8561
430
4218
7652
8981
10524
10964
7905
5375
4853
9841
8311
8003
3405
7034
8202
7574
8480
5198
6072
11897
8201
6598
11168
2638
2171
2654
6037
1429
11519
11913
119
12672
983
2816
4045
6561
3357
4475
1046
376
6784
4805
7510
3032
9148
4913
4533
1918
10553
262
12307
10116
12464
10998
11520
7226
5299
6258
4194
9063
12249
7513
11397
12300
12419
5755
1452
3124
9623
10428
7888
9314
247
2853
5
9435
9493
4556
2282
12479
8444
12421
325
5794
4069
12539
6221
1884
678
6275
6712
851
8070
7974
3072
1235
3454
11893
826
773
4985
5352
12164
4865
12079
5971
3105
2401
9196
2039
11218
4956
10220
3175
1441
11979
12368
6485
2811
5394
4901
7215
5157
716
11589
9775
6388
9187
8266
2798
4080
7423
7932
1270
2588
6363
12063
3296
3504
11036
1749
7534
6970
2735
6414
11907
9386
4443
388
7911
12660
11462
3721
2113
8622
4918
4146
8773
6181
10349
3929
1123
849
5951
11333
9848
8324
10703
3288
7042
4915
4695
8607
4053
8143
9678
11656
11700
10808
3568
36
5200
4016
9409
11845
12425
6117
10125
1692
6679
3020
2463
11243
4374
5980
2721
5444
10312
3881
3182
10199
11186
1571
931
6531
10593
448
2105
4986
5866
4192
10554
12627
12193
976
250
4762
12559
6958
2510
6109
10028
7519
5762
4827
7379
3814
612
11891
3703
9811
4304
12128
7335
10515
3242
1743
1237
12453
11426
12106
2077
759
8759
8841
967
5679
9478
12461
10248
4015
12253
7361
6675
8749
29
10489
4330
6932
3522
2586
6464
3785
8463
12721
5975
7649
9944
5107
9547
10568
2704
7092
11872
4753
5958
6441
5353
7683
9869
185
5909
9980
9864
930
9134
1709
749
4503
8390
8346
3704
10977
9907
10734
9836
11850
6140
11943
9838
10820
9299
4707
3322
5055
12022
2358
8900
882
3716
9637
2472
1254
2003
10342
4962
5763
9808
9079
5197
5872
7928
6533
6839
73
3532
11753
3636
11034
4464
4667
4281
6301
6405
743
10505
12114
6097
7909
2545
4207
6354
864
1344
7625
1359
11924
10510
9766
8128
6611
9874
9193
54
10763
11467
5994
7136
2827
10617
10209
2651
7946
6686
9066
1048
9047
636
7769
11304
10052
9525
9632
3354
8033
4084
2006
2261
3619
8732
10622
4395
191
2360
7644
5728
10361
7225
9941
8733
10838
2759
6091
4307
11485
11059
11101
12495
3836
5422
8703
6514
6596
8329
12689
4935
4434
3440
3513
6863
643
12245
9431
6721
3664
9252
10912
10087
3601
3719
10937
12185
8521
2108
12483
10474
9325
3273
8631
3488
10854
6163
7478
4512
2297
3689
8740
4536
5378
9301
3248
1177
3971
7603
9321
10875
7350
6831
11634
3477
2462
2307
10145
9040
5818
7847
4193
9234
8317
5274
6852
12487
6763
10696
4386
9135
5584
4733
1228
10424
1631
11245
5692
11345
2190
7329
6849
12491
8130
10970
321
1304
10284
7188
8482
8731
2231
9699
2562
9430
5119
4289
6246
12687
2349
11178
10370
1294
8612
10941
12188
312
11846
8556
111
12189
641
12700
7866
5907
9279
10233
4709
9920
9532
3299
8445
10945
1598
11829
11553
4862
825
3355
7663
447
2218
10847
2379
10674
10821
6151
11517
11371
5431
10229
9704
3240
7492
7618
3815
598
3309
7892
7512
9955
3302
12224
12304
6299
944
3959
5567
10573
7468
6552
8961
578
9360
11206
10819
9659
547
5710
3616
1789
6654
12292
4089
2202
3854
2274
8569
11682
1977
2986
10025
10137
8789
5672
919
6067
1905
3077
8372
9821
9561
540
4390
7529
3638
2325
10364
236
8146
9228
10903
68
2680
5048
92
1451
4530
11992
2668
235
2415
11138
2112
8217
7796
4800
6800
8458
888
3497
9002
7783
6260
737
5268
6058
7130
3349
2509
1716
5269
9957
6150
809
5033
12601
2840
9129
9633
1786
3051
9517
5859
9371
11068
2386
5585
3592
4351
8602
7720
4217
3364
10186
404
6455
1564
3612
12178
12604
7865
5405
6422
11209
1753
1430
12285
2804
8635
9840
3647
5586
9485
11192
6199
9712
8686
1170
4352
2031
6029
8933
6115
9725
6503
10249
8344
2657
5369
3609
2195
9734
3111
7
5163
8674
174
11386
8304
5998
4995
5895
12572
2162
8741
394
6687
8467
12624
4391
1493
9806
12244
721
5939
579
2813
3024
3271
2600
5562
6714
11628
2522
1255
4219
11833
1504
8516
184
11329
4066
4072
7547
4665
9
1421
5947
12321
5126
8559
9706
550
4773
1311
6575
11108
2004
11671
3002
265
3794
1565
2539
3861
12219
318
3022
7795
1205
2912
3669
11956
2529
5851
4505
12749
3160
4873
12586
5247
12391
10326
5127
8811
797
12098
6530
6936
10576
11075
2532
7020
5470
7453
6413
10169
12765
8083
5216
5723
7390
12040
8022
9192
7150
11146
10167
2404
5003
5399
1334
11377
6277
5355
10667
11028
8812
445
11958
5309
8136
1577
8240
4286
9914
9018
10701
9475
946
1221
9940
2239
12127
3686
8707
5846
5875
7415
9713
10059
5965
6808
9190
6840
10940
918
4897
3855
9515
2346
3624
3330
8771
4584
5889
1952
9119
11952
8263
5535
6283
5629
10030
3701
10757
1762
9881
2788
5863
5148
5564
11395
3428
10723
2281
3591
3228
8986
2023
9795
4450
12250
3078
2424
7284
4305
80
10300
10045
9710
2355
11103
7654
9592
1925
3293
5473
2479
6454
10613
6207
8183
363
9280
450
3514
1686
2188
8251
3012
10746
128
11288
4441
12192
7884
9282
10840
10805
9173
9655
7779
11203
7316
3604
8839
5572
3804
6995
8918
4181
1965
3121
10736
11145
8647
2036
2647
10383
9798
6323
12581
7030
8500
9554
1207
9389
10835
3343
11889
3431
8539
6201
1890
10525
3594
781
11614
10969
7522
11169
3934
5023
230
270
6508
7503
6191
6452
2642
3493
3146
1961
885
10183
6138
8492
11143
2319
4917
1760
4013
10387
10957
2403
11044
10807
3257
11692
116
5508
8496
12663
2029
6134
3573
181
6402
4645
6400
10390
11337
8421
8724
5075
354
1591
855
3872
10983
6919
6842
10481
12331
6871
6617
3559
8611
12510
8904
2707
5822
3819
9271
1328
10109
3039
3595
11237
6295
8426
8813
1731
120
751
12067
3171
1066
11730
2097
2945
4358
5936
2824
10214
2196
7929
4585
4999
9253
11016
1058
3789
2548
11239
1026
10585
1175
1728
1146
5443
10745
2775
2207
1383
3130
4400
7143
1714
1768
8297
527
8712
11129
8726
5978
11784
4337
10366
9260
61
1522
9737
7383
6628
3919
3219
736
615
7263
12536
2533
1679
333
7212
3935
6810
2380
301
12590
2557
9016
4926
10401
1265
10651
8101
2719
10994
523
3149
8021
1236
8560
4098
4509
11119
5810
2870
6876
8729
303
11798
2024
12692
10086
2178
4403
8261
3965
8394
9619
4346
7493
2399
10965
501
4316
7351
319
8621
10556
4501
7246
4022
11176
10555
7634
1552
9000
1427
12630
5121
9861
3846
11512
10415
159
7436
4482
9070
9081
3825
659
6934
3871
2895
3117
8469
4861
9495
11607
12045
5727
11493
6775
12698
2540
173
2829
6044
11082
11886
477
5042
12788
12354
4392
2770
9732
11953
1778
2418
3412
3448
10795
3260
6457
9685
11065
10705
6130
10866
4076
11373
2922
11111
4570
5921
9844
3831
8287
9440
6608
6652
11841
10659
4661
6225
3725
5266
3142
7556
9348
12183
7799
5050
2776
39
8564
239
8824
2885
6404
2288
11575
4563
3972
7637
3294
12526
8153
9088
9462
9986
8951
5812
8452
6424
5957
602
8178
2285
1461
4889
8957
1155
10266
11873
10678
3566
1069
9918
4427
8050
7180
3068
4275
6244
3877
11063
12548
3346
5330
9392
9032
2628
812
3328
1084
12272
10739
4606
8876
1562
11908
756
564
5880
10894
6832
9686
1363
4852
7026
4750
12144
11869
7232
9131
3344
456
2117
609
1737
1658
667
2210
694
1902
1942
630
12426
4453
1003
5892
3596
1202
9926
8319
11909
8265
5968
8976
3381
1804
2591
6747
12364
3265
7089
11540
6466
6997
3422
7298
1783
1932
11224
5517
6266
41
9705
11470
4596
10478
5706
11645
3874
7485
11999
6595
12714
7101
7655
4142
6440
10298
8141
10416
834
4672
6971
12031
11266
6288
1732
2733
10520
6101
4320
7486
3383
124
6898
10046
10420
8629
8829
11542
3527
6748
340
6296
10392
87
4271
11993
12349
11190
1280
6139
3509
4847
10799
3540
10176
9518
2767
11135
3106
8124
9866
12759
9578
8782
5869
8001
3058
8590
1712
8867
10325
7520
162
1913
4491
1553
2784
1378
1023
9550
6618
11012
389
6741
6749
9256
7498
7013
12656
11235
4159
7032
8109
5803
3948
8140
4313
4079
1136
6088
8661
1912
346
6417
10960
1653
1508
9072
227
4772
10465
7967
8624
9080
5948
5496
11228
798
11349
3633
1219
513
11453
6168
512
12737
11255
4757
6336
10226
2902
11667
11989
4328
2153
10274
11269
9139
10283
6469
10352
7850
1814
12053
3548
3976
9374
1042
2381
10893
1626
5423
12538
7306
12793
10913
8652
7670
7369
12629
9780
5031
6136
8940
410
8389
5103
10212
12512
8781
297
8347
7091
1196
10508
3264
9096
9418
4989
5667
4430
11716
6708
12207
8387
4625
9236
4306
11859
9237
4968
12722
12494
7426
8020
5220
6484
12333
9225
3166
8772
7824
2353
3165
3508
11777
3332
4294
10626
12424
6766
8397
939
5841
8164
9444
1747
1318
4024
4688
12356
1579
2997
2743
7605
11295
3830
1438
5820
731
5164
11060
10984
2123
7008
4535
12142
9717
6593
9816
3506
8543
11398
11374
7170
5588
2751
9804
4249
590
7687
9797
8023
10335
12591
11814
4904
720
12097
9460
7998
10518
2100
10742
11967
673
3764
2137
11286
7550
11007
9042
5466
69
3668
5833
7896
2131
11641
8778
11605
2486
10642
10458
12386
699
5006
2149
4848
12732
7155
3857
4947
5510
5384
11450
9641
6286
6505
12609
7620
1811
1803
14
1982
7115
9287
726
4418
2982
8450
10925
2298
6759
12042
6977
581
1845
182
7730
3438
3644
10275
10786
11122
11582
12725
8756
5327
492
6106
5751
6492
8677
9580
9729
451
4186
6635
2644
3780
11807
8971
10432
8185
11644
8805
3928
7527
7958
6331
12465
5557
5527
8216
8538
7041
9244
11423
10081
11110
6305
9035
10476
11351
3865
46
11014
7414
6222
11646
7849
1881
11510
8877
8423
2556
12227
7597
3224
10299
12279
7494
5026
8417
6122
143
5580
2755
6999
3838
12498
4356
516
375
2653
758
7290
12783
6218
6907
10680
4885
6219
10889
232
7739
11990
10814
8378
4905
11526
4122
3209
4511
1955
6522
7230
5952
10360
7125
5861
10216
5914
12358
2135
3055
2022
10004
79
9972
2573
9144
7378
5085
4135
5730
6944
6102
7073
9697
10191
390
949
10771
5395
6992
3472
11541
4628
11508
5167
2475
9576
5372
9692
5984
8842
7863
4607
4882
193
7447
12075
7391
12126
4803
5877
5133
2848
9963
5080
12554
4957
10575
5334
4504
8107
12120
8859
10451
2351
829
4817
12058
9218
5537
12113
2015
8410
11017
6590
7185
8313
6488
6626
364
10377
6589
3962
6786
4462
6892
10550
11053
3812
5604
12449
5601
1131
7299
7384
3570
3198
10962
11482
8562
1524
7580
3772
10461
2417
5941
9235
10148
12443
7437
3456
5435
4365
5904
8542
8343
10014
2269
5045
1301
8367
12527
2574
9855
11340
7117
5666
7448
7984
9830
10113
3177
7234
6773
10528
12693
11148
9251
8041
3984
2512
11629
5438
11348
2293
5599
11690
12387
11847
12409
9596
10373
8992
783
4345
4948
1164
5655
10441
11552
5707
12343
686
9293
4224
12338
7291
11309
900
11863
12680
7877
9506
7466
10766
10020
6594
10790
12756
10379
4099
317
4908
9028
723
5100
397
11569
2910
7487
3342
6369
1045
11816
9490
8931
4970
5028
11763
8737
2125
11047
4932
4031
4476
10124
8139
3977
4171
6834
1105
4603
3539
2090
6515
2705
2468
732
1500
6446
8104
11810
380
8709
7920
1396
1473
6293
7696
2154
2433
1733
1867
9750
7344
2913
3887
5317
351
5359
3847
11473
12666
258
4944
9288
4781
2238
9328
5403
8182
2177
3585
9231
8754
10623
4408
7440
3901
10706
8210
594
5932
845
10034
12129
8429
671
5173
11015
214
6924
4038
7399
8123
8453
7449
6063
2677
10096
1464
10669
3185
563
12482
10648
862
3853
9608
1303
1151
8958
11475
64
1926
2498
7090
6175
3350
7416
554
8748
4747
9927
821
5310
9753
5956
3372
917
11864
5775
11326
7657
9138
9622
6551
6070
831
3340
1357
378
3064
9906
2729
11199
4354
9756
3426
2045
9773
2046
9658
8004
10546
12492
5699
11384
7682
3778
5671
5697
1662
5162
4777
8057
3786
11001
9215
9508
9277
4573
5726
5234
5502
12199
11429
113
11724
2442
7202
5954
4312
10048
9057
11804
11586
5870
3614
3876
10707
4784
8413
11915
1891
9467
204
6434
2194
3041
11775
3233
7031
7099
5143
1341
2454
7163
10111
2826
3220
11077
293
4341
11522
8575
10870
12755
1846
2966
4662
5959
10027
9777
6307
4992
12083
6519
9989
1532
9770
938
8608
10099
4826
426
2774
6776
9310
2109
1479
1144
1971
1352
4018
7274
5155
9233
1463
3823
8795
6273
3029
4529
3558
8695
6764
1857
10611
5356
5279
8843
10953
1141
11662
12335
4241
11139
762
10279
5675
9411
8184
7598
3837
11417
1889
1200
9952
12766
2065
10073
3797
8656
11674
359
11115
8518
3374
2179
4250
8067
458
3523
7146
7305
1988
12546
327
8899
12427
8078
3571
11434
4020
6696
457
1277
12592
1214
7482
1701
7296
2075
799
6418
8659
8300
4802
2766
6534
5188
10484
12515
1530
3560
3884
4532
10469
8228
8760
4567
2419
9352
3388
4824
12705
10213
955
26
3856
8325
12360
10921
3325
9259
1182
1234
880
898
9336
7336
6459
8965
947
5223
1050
6144
5634
9842
6908
6855
6633
7790
1715
5509
8196
8116
1806
12171
6911
10863
6872
5108
728
3495
8456
355
1885
3436
517
11912
9077
3444
3698
9049
1074
3788
7407
840
12228
8169
7024
11932
7108
2088
8847
7236
9274
3370
2645
3279
6009
11278
3235
3418
8888
6779
10440
1636
5094
446
3028
4172
5515
1554
9519
6432
6972
1102
3246
6382
11941
518
2469
12437
11937
237
8987
4206
11572
8526
2340
5441
8993
10817
2128
8857
1350
4993
1119
9296
4154
11665
9748
330
4635
7602
1348
4671
6736
10687
2629
3076
4960
4716
6474
4743
6012
5056
12238
12682
9904
3231
6716
8034
3979
7927
9172
3494
6894
10348
5776
2552
6128
9379
9939
11416
5722
8510
5574
9502
1239
8270
1621
7566
6204
7325
493
1127
6074
8924
9382
5513
7311
966
8825
12640
3580
1664
10328
7689
1287
1020
7064
9413
349
5194
12713
3356
6781
8012
5401
690
7417
11698
12711
6978
5046
1931
11666
10899
11219
231
4531
6757
9749
3200
10039
4705
11539
11259
8796
1409
7456
8586
11867
122
10715
9899
5249
1792
11612
6249
7711
4367
6983
7304
7915
6489
4867
9327
12455
3769
2621
820
9425
3625
7256
8625
373
11171
2795
2436
8077
8563
11127
3409
8273
1798
1022
6494
10652
6540
2561
5328
6933
11387
9008
12155
4040
12540
2170
8895
6121
6804
5982
5850
12344
1825
10907
1821
11419
10491
10930
11105
8690
5779
1668
4748
9959
9383
5997
10475
2745
171
12355
3770
10404
6104
1633
4092
245
5987
9067
11488
7473
3049
4876
3398
12361
7371
5414
2808
11858
4851
12670
6570
3631
6338
648
9267
2879
8736
988
11616
3744
12422
803
4157
6177
6395
9971
8713
8990
3450
619
6785
6603
843
3646
11625
8989
4519
6746
5252
1929
2133
5503
3516
8173
3215
1043
11323
5129
19
913
432
7395
294
1705
10161
4555
6352
1291
8956
5131
3373
428
3184
8720
425
1817
4432
10501
1319
12165
12043
2160
6568
4133
2968
108
1853
11381
7404
4106
4629
1815
7552
10801
12760
9976
6059
7497
10152
5283
2431
3582
7408
2815
7157
9427
7248
10330
2176
1243
2010
3697
10851
6217
12023
9591
9227
4479
7965
3748
4078
1166
5275
296
4086
2260
11342
8293
9178
12385
8134
12411
4679
1039
11500
4718
1651
7702
6267
6096
9890
77
11554
670
11764
7258
5883
7056
3435
11740
2147
6583
4610
11844
4353
9760
8375
12073
2544
8239
10972
589
160
4663
11355
5136
9447
7604
6483
148
9308
1797
8396
3137
127
5734
1477
4991
2672
2017
4009
7740
4055
8015
3863
4854
10719
12237
9208
6359
8643
6891
1754
6728
1179
8616
4366
7560
6298
1276
8043
11421
9365
11242
5581
12516
4698
5111
961
4626
7471
6152
1321
6036
1086
2950
10823
11506
10157
10608
475
10264
1910
10574
8915
987
1368
5437
11250
5742
10968
1373
10002
1513
2453
7940
7972
7870
2341
6196
8891
1703
11983
10725
4741
7376
6129
10198
8292
9347
3054
3528
9994
5260
2118
6713
8788
6234
9041
7429
8597
5999
11126
5116
4043
10479
6425
1776
4751
12501
533
11856
2440
4293
7280
9114
4436
10689
5955
6093
4198
4580
529
695
9442
5406
12528
11718
8617
7843
4103
33
9174
10126
7617
9320
12033
3534
957
8494
2240
6827
11458
7152
28
5610
12021
2754
12440
7822
2266
7963
12163
11548
6042
10892
1044
9828
1893
11631
12476
2219
3547
8019
1693
11934
4035
8851
2565
11733
11448
3122
9004
3481
4364
599
2304
1498
3999
12472
3017
10728
5370
11843
9245
1735
6829
5596
2595
241
567
8671
6197
326
5926
7826
1476
199
11710
7362
4036
225
8752
12149
10066
2917
3241
8997
760
11577
11220
12248
1632
2983
8475
289
10599
8718
701
12717
8798
10389
7054
6429
11613
5638
1519
9344
8755
9511
7237
10503
10447
9803
10184
5340
12776
828
5213
107
2623
9036
1472
7864
3102
9162
4460
10880
6332
3552
2303
4234
8814
9481
3762
7600
9482
1605
11461
7761
8352
8040
4566
12336
8376
6669
8103
4586
9171
8909
3386
9933
3059
5769
4787
7975
4807
11699
10477
6823
8221
6398
3735
8696
4648
5436
8509
4936
2236
4524
4484
10078
11236
4898
5645
4225
3873
4008
3622
7491
9075
2803
5235
5141
6465
2173
5930
3578
7145
6188
2253
11216
11137
2958
2506
4666
11023
9606
9261
9548
3084
4332
7266
1389
11776
6460
6631
4461
10162
4422
4372
2593
12585
4454
2967
521
11632
9645
7645
5124
2087
6182
8018
6394
572
10336
11772
2959
3869
10090
2270
7133
12645
6362
6564
5041
8350
9503
343
6319
7044
2294
8807
8053
2618
11094
3480
3848
8379
1220
2329
12493
2243
10174
922
11742
11965
9354
5285
9540
1998
4323
335
7040
7206
7673
2363
8592
3947
9461
6791
149
7890
10939
12412
5191
12310
11929
4151
3289
11994
308
1635
10187
11225
8112
4467
1147
6703
10234
10992
6904
3042
8016
1173
7756
6028
4244
12346
1201
6547
431
8872
8628
10657
3194
153
11233
6762
11136
141
4838
10439
1695
2410
7249
8893
6208
7353
10067
6610
324
1061
2233
1469
11436
4613
12351
97
8840
6550
1111
11584
10710
10468
9533
11696
10755
5346
10891
2136
5691
5051
12092
7469
10785
9324
9583
10753
7349
9590
893
7142
7922
12513
7986
7314
9662
9500
2543
3243
3850
3199
5291
4701
5928
9182
5265
1110
2970
1590
2214
4540
1829
3380
2334
10954
2821
9292
8087
3519
12105
4888
3003
10661
6517
8262
10981
12324
8917
8308
442
6942
305
8804
12399
1870
9133
8742
3498
12137
6619
2948
12217
8122
12208
5824
1698
11454
9767
3641
5430
9977
5081
1534
6186
10196
2963
1799
11366
11043
4714
4842
2810
9991
10376
10586
4381
5844
576
5261
12087
367
3894
3395
6053
12313
2086
2757
4185
1098
11919
9246
9195
4060
25
4101
6622
6629
4646
7354
5218
5298
12380
4197
4138
12530
2251
8925
272
7898
7770
11501
2393
8068
10560
3326
7012
5426
10517
12625
12785
5871
2584
3247
5049
7760
8434
3727
4546
12116
3903
5297
7276
3579
5611
9165
8959
3256
6729
11253
9367
5917
9822
6742
6961
7025
5657
6071
3023
4047
12280
11826
8640
316
11959
3217
11627
1690
4439
11608
6381
677
6360
3683
4287
10197
2505
1005
4785
4633
6229
1031
5990
9346
4994
7621
2799
9161
10324
11824
9118
12234
3826
329
7340
12068
8534
2452
1843
11183
9473
11609
12618
5647
5689
735
1009
11402
10523
8253
5138
11439
6906
5086
11653
11003
3588
9108
7107
2979
12701
561
2873
3926
772
8827
9978
2237
10445
6520
6358
7332
5718
11037
10564
10460
3533
12524
11770
5740
5931
244
1150
1986
3193
6843
5524
8162
1209
8278
4881
9335
66
2878
9333
884
3543
9505
7501
1353
7199
6968
11172
5569
1299
6292
6680
11054
10435
3597
9421
5858
6116
3476
9996
11635
8540
12115
10149
7692
4887
277
5365
8975
8393
1115
6237
8868
12173
4782
12557
4167
4189
7577
1873
8465
2926
4057
1665
6638
10990
10038
3016
3938
1954
3569
526
12180
6447
51
3710
4380
3318
2822
10868
9149
12004
7348
8793
4525
1012
8705
3168
3751
9642
9167
176
11892
12034
11141
4617
531
3227
12221
1767
6947
6
10340
5177
3754
8627
7275
12458
9103
972
6535
861
2537
2542
3673
7028
5837
7997
8061
9128
4420
875
2737
8473
5674
11401
8515
5419
11056
10572
11970
1030
3307
9644
1683
4561
652
4107
8485
9681
9350
2184
10228
2782
7345
10896
3931
2025
793
2474
916
5460
40
5729
10691
11531
9297
2250
1106
4856
4230
6228
6007
2295
1671
2301
5819
5421
3297
8032
8988
3062
3918
8400
6374
4032
7699
10132
12366
8939
1433
9965
886
2139
4190
2527
9186
9800
6830
1805
505
286
2395
9039
12740
5798
12109
7009
6146
9778
6176
11320
3081
2609
5226
3136
6248
11120
3986
200
379
5953
6364
7210
3643
5331
65
2907
10136
6815
10270
7588
5456
11600
2222
4166
11827
1445
2165
10363
5641
6882
12533
1941
4725
11125
11918
2438
9652
7793
7878
12736
10743
5428
11771
10713
689
635
8005
12489
6727
10859
2129
6707
4674
8623
420
5316
869
1072
10285
9845
2221
3336
2203
6544
8416
1614
5450
2790
4814
10057
675
11408
10916
9916
11946
10292
9528
9200
959
2589
6923
1241
4739
11173
5817
1740
11194
460
5022
10288
8853
1079
3711
2928
6157
7334
7154
9117
11849
3138
3437
12511
7193
1067
11095
7607
6817
11984
10927
1487
10883
9009
7294
4598
12654
11887
2377
12544
1775
11706
3216
11256
1739
7742
1037
11809
3550
5287
4637
12423
12750
11009
1075
11271
7728
11545
5686
2933
8908
12639
801
5351
9337
11782
10606
2839
12502
219
7611
8567
10367
11528
1036
4014
4619
2276
11697
3195
7576
2352
9910
3047
5203
2739
6084
4510
1482
2084
12582
1654
6021
1152
1028
9739
2941
1962
6322
2465
1176
10887
11884
2842
9543
6586
2943
9884
11597
2694
7511
1670
2305
6954
8950
6272
4488
9597
12779
2569
12177
5061
6546
3173
11573
1169
9696
12259
4095
4311
1844
1227
6507
347
604
10629
11765
3767
6866
10464
2868
11284
4425
4506
4595
8727
4791
6582
4160
12370
10632
8427
5847
6390
8230
9676
10976
8499
5472
6824
588
2852
836
7948
1327
2197
2409
3526
5411
6554
6888
4907
5382
12764
5908
4260
6512
12365
8229
1367
2503
6901
8869
11087
4120
3347
942
9847
3722
3529
9556
4896
7715
5074
10625
10738
10473
5418
8371
12778
2314
4549
6928
4410
7460
7828
1040
10482
7860
10205
9397
9458
9858
8578
5367
7382
11557
12718
10253
9647
1625
5782
3851
6668
7242
569
6473
7368
3998
7671
12418
131
4371
11382
8613
10615
7134
7279
8439
8336
5575
1780
645
9332
12436
1419
6555
6016
6216
11964
151
11247
11102
5325
9562
6079
7903
7809
1442
7500
6989
2728
7677
3610
2725
1944
1391
1774
7960
6280
5221
10527
5047
2756
9526
1305
7457
2292
7310
7935
11290
9101
11906
7908
1831
907
8060
10697
1849
7175
11748
7455
507
2919
872
5115
9604
11762
4680
5449
2596
259
3675
10594
11961
3842
1960
10836
2520
4115
8626
3801
10257
8524
58
8176
3319
9262
4837
8898
1384
605
12222
10250
12401
8356
12659
2601
11283
8382
6350
6004
6516
3743
1172
3414
1710
11988
2367
1839
2387
8013
12642
5797
5676
11142
10987
8414
9823
8459
10355
6682
6073
7179
1412
4756
871
771
9833
6378
11
5906
7465
9268
10277
8620
6702
3451
12704
1510
12325
10644
368
7536
6649
795
5057
12108
9585
9023
8837
6263
5829
7394
7640
10497
11086
2083
10450
11567
12096
1880
9204
1076
7281
2685
3740
11251
1602
5905
8501
2900
4039
11210
9401
8941
3957
10999
12037
8320
2473
6848
6601
12308
9489
7292
6017
3599
1467
5543
12297
683
2857
8739
9747
9412
9883
8420
4283
6935
704
3691
9834
3798
3082
11274
1104
10619
1258
752
3745
3479
1556
9044
9832
8968
2309
12204
7981
3252
10088
10097
7886
12522
1054
2961
11578
5571
7653
5250
11551
5272
3551
3752
8233
5778
7631
1268
10597
12430
11769
10694
3482
8306
2716
2164
10042
1837
584
4012
1250
8125
2489
11312
9050
1125
7585
8
1185
11633
11030
9358
8031
11832
10882
1124
8954
10261
12438
3707
12119
6433
1852
1742
8883
2639
3485
6379
9272
4110
12025
9627
5591
4796
1676
10995
2637
6955
11779
1652
2166
11862
5807
5314
4126
6385
4112
4325
10119
4939
2471
10394
9871
6325
12213
9854
8823
5368
2763
6886
221
9388
8734
2392
8448
9488
1802
11124
6205
3197
117
8648
5468
6453
9499
9675
10640
9565
9090
11318
9724
6681
11564
10702
7956
11853
8091
12038
10569
11688
5631
12770
1313
3640
7829
804
11244
6013
9535
12520
4990
12055
2845
11149
9895
8235
9949
8779
6092
12135
11156
486
3992
7128
8132
611
6462
5737
5149
1999
1240
11823
1528
4001
4277
12158
5358
9207
9304
3832
6387
135
12010
11412
591
979
750
413
1619
1366
608
7360
11379
5402
3236
12036
8828
253
7626
1139
11179
6627
6604
6468
3434
11623
788
5231
12154
2952
2478
7545
8076
2920
12565
5420
9029
1351
7006
7601
4692
9625
6215
3956
10583
6751
11002
2976
10877
4426
2616
8191
4493
5929
3496
10413
2089
10385
8907
7966
6019
2492
8664
1264
9815
11163
8826
7787
9309
408
7124
4331
8691
11811
1933
72
7945
1331
914
10171
10584
10796
4569
650
7589
12748
3650
6020
11162
11571
6113
8977
9671
7768
7224
8974
2451
11565
6458
4930
1994
633
10201
4647
9185
10910
9322
1950
4636
9586
7295
7891
7481
995
7541
6376
2938
6156
4183
6693
4571
6061
2555
8436
6171
6342
6162
10841
7947
5792
8865
2789
910
1923
8860
3739
10347
7432
8498
12209
4361
9428
9872
6318
10655
6875
11783
2906
11880
5758
7976
7505
7893
10614
10021
8338
1730
7592
10138
11611
1312
1199
1333
2114
10063
2072
6194
791
12504
5538
9718
7229
11070
5747
7189
2073
7288
1535
2001
8364
4465
6018
5168
7359
10822
444
433
8864
11042
6662
10470
8127
10541
8227
3953
2071
7223
9891
10933
1834
12179
1471
10662
1478
2991
8027
9212
161
5786
11447
4618
1325
9300
11144
7502
1601
3423
4117
11757
2955
3469
3603
3249
7745
11521
11561
436
4272
6873
1721
12139
10740
1604
11055
5139
11901
11663
10143
10578
9715
12467
1537
10338
10603
10906
8838
5552
9743
300
1335
9572
7191
2378
10716
3192
3144
435
5439
3538
12420
5477
1163
240
10260
3906
3223
3765
0
11568
9284
9791
6853
12393
8100
6513
5839
5963
10788
10177
5983
4731
8489
5616
8401
7902
2487
11866
5448
8609
2350
6167
386
11995
7543
10018
3153
10677
10815
1466
7470
3337
256
3158
3702
10779
3565
2110
6000
12626
3087
12121
3567
212
926
1016
1474
2528
7610
5693
5147
1019
10331
5719
7475
9677
3608
11566
8038
7301
10610
1133
8938
6645
1390
4301
10189
10388
443
3952
12162
6993
9157
5606
2974
4836
7755
708
9385
11035
10684
9083
3731
6243
5097
11750
8944
10307
8744
12679
4755
48
9801
9159
8460
4329
11276
8553
8848
12240
5733
9960
8746
6435
3922
5832
5090
2599
4161
9014
7421
4969
6480
3618
7243
7458
5683
2183
1414
1180
6632
11931
2896
9981
6820
7313
4357
7182
3709
3895
3107
415
12471
11739
11029
4007
7816
5813
12190
3637
4324
11729
12777
9928
6577
2921
10931
2085
4978
2229
5680
9601
1529
6605
8835
568
12398
249
3465
2571
2158
1993
7525
1297
1428
11020
222
9368
1503
8502
3291
4608
10263
719
1984
4879
4085
6984
8471
12619
1920
8955
12060
8673
10295
6033
4299
3985
298
2809
5662
8768
6699
8090
5491
9735
2882
11072
5520
7235
6337
933
12322
6889
3092
10077
5089
528
5079
9663
7067
11848
8808
1129
10164
55
6014
9915
9708
4404
2971
12507
9223
5277
1337
6340
2691
3189
372
3359
7098
4377
10256
1047
12271
8715
1788
9900
12648
10150
10358
10258
10660
6365
6451
4690
3101
5714
7289
656
9263
3457
4445
1288
12191
6612
8024
6767
8310
7818
12452
10698
8894
11181
6673
12381
2702
8679
2050
8249
3278
8321
2693
7105
11576
7867
11681
7840
813
9943
4056
4417
7717
1281
3075
10932
9424
1603
7596
9802
1483
2931
6688
8783
10382
1549
7549
9964
12644
4523
10271
7119
4804
8075
9034
10273
7873
4490
105
8952
5152
11708
868
12445
1256
7169
12305
8725
1684
10917
7190
8672
10951
9522
4125
585
4335
11133
11547
1007
10080
7848
10744
1594
6312
7782
12186
807
9892
12069
844
9494
7211
11838
9602
2144
12089
10438
1187
4855
9607
2480
2311
322
8281
101
9679
1454
8113
9202
2947
10936
12480
11367
978
5593
10019
4278
2538
7941
357
9824
11684
2021
10631
5992
1416
3733
11000
12550
1159
12451
1355
3511
2875
9629
8193
6110
9701
4284
1386
4143
3403
7524
6035
10483
5598
6172
10536
6477
5002
10774
2030
2501
6563
2610
9183
9558
11997
6367
8923
3031
8381
90
7623
8685
9998
5130
2935
7476
1531
1099
7776
8472
10071
4583
12519
7910
6614
2877
8175
9402
10682
1229
8476
7650
217
1669
1748
642
3116
10341
9560
208
4858
8639
1394
7222
4699
3840
1935
4614
525
3043
8935
11025
3161
11241
11957
3576
9817
4833
3761
9667
9999
892
7111
9923
11896
7758
7410
440
6653
12054
11113
8763
9286
11031
11619
7950
6326
5052
7082
8360
6752
12715
12065
7523
9570
9060
2504
838
12268
10638
6357
3056
9563
12608
12088
717
2681
12260
8790
7985
11365
9316
11694
8222
2432
3898
1497
5305
4980
2973
8535
6212
5731
6658
6694
163
582
2337
5848
12731
3859
2570
5800
1896
2606
4544
6960
5531
2624
7377
2856
2715
2102
7277
3756
4033
8716
10332
11761
11121
10852
11678
6592
9410
9220
10403
2048
4023
2493
8874
4553
10762
9472
2871
9377
7615
1197
11484
5856
8365
3125
3187
12782
12429
11802
4612
1380
12382
9123
5313
7539
6313
4100
12769
668
4451
3676
7507
9728
11738
5336
1413
8252
3950
12606
5240
11057
8676
12556
940
7231
186
2939
6315
3066
3730
7405
10806
5993
905
7835
3301
2514
941
4239
4850
1938
12578
1997
12263
8930
8953
2485
1060
6597
3545
10635
7994
1153
3718
10857
7477
876
1756
1875
2060
7177
3368
4071
11464
6107
1260
7450
10272
10371
3875
8358
7463
5702
11549
1233
12469
12225
11800
12151
2883
11050
11104
1816
3148
11049
9164
11734
8866
5804
2284
12462
1203
10547
2189
488
950
3779
11289
11175
7771
2335
12
10105
9120
1349
7196
12613
10720
7961
6098
6783
11559
12481
705
4841
2884
6133
1300
7785
10247
624
3205
986
7401
5972
5701
11299
8243
4981
1496
3026
6075
2064
10375
8151
3995
9599
5487
3517
6760
6948
2287
5019
3074
7096
12169
5888
8145
2516
6344
4740
4906
792
1190
9600
3602
8215
11785
10041
5476
11550
8232
5619
4738
8832
674
213
7836
8668
3134
7931
2984
7268
10457
1156
11325
1526
12153
2786
11463
9396
9970
8092
12611
274
12110
9492
3261
4336
9156
12633
7159
3911
10455
4407
4574
1502
10721
10989
9454
2308
1660
12136
10531
6529
137
3232
10200
12214
11637
11191
7283
7557
6846
10339
4710
12030
1921
5211
1643
627
4322
879
711
4182
867
11513
10522
12607
4405
2362
5381
3128
5204
12302
778
1978
11805
2448
2209
2577
7735
7293
4144
8418
12182
10240
8328
12156
5802
558
6192
2812
4545
9480
5073
9065
6959
1644
473
3581
5004
12499
1014
5805
4605
12647
7820
6375
9917
3180
6925
10178
7356
11754
9893
4333
6497
9391
7906
9569
7642
1161
7495
9889
12456
12392
9744
3421
11158
419
3654
5644
1856
1964
3147
11428
996
12223
5974
8171
5011
3758
136
3883
3942
4393
7297
411
1924
3945
10000
11701
3464
4922
10900
2709
3692
144
6226
4063
5766
6579
6103
2320
4801
5669
1431
5989
2833
7452
5636
3955
4703
7676
10918
7979
110
9451
4527
1238
729
9216
7127
4920
1989
6885
10406
5016
11951
5153
6868
5278
10563
9366
3030
3993
11514
7943
9006
744
243
8218
9455
11074
954
12763
4869
7874
395
5088
11048
12184
11715
6538
7938
2603
4522
7895
7665
776
9523
2740
7433
4140
7668
9241
5037
6950
1417
7171
8862
10986
8409
8493
465
7757
4952
10160
3376
12767
9553
9357
9758
6178
6443
276
9419
405
9514
10129
7446
11147
6069
3123
12745
11177
10291
6792
9931
8767
669
4326
6032
11624
4227
6481
8820
172
7343
5865
2499
10223
4165
12587
189
9783
9520
8333
2620
3432
9351
5021
11587
12196
5175
2738
11885
9820
2443
6493
156
9781
5128
2148
11650
9437
7726
12576
1600
989
7085
10620
1903
10767
11229
6941
10098
7027
6142
5354
6491
9415
3893
5322
8614
4052
6420
740
4967
12024
2248
8600
470
7944
3033
1719
6777
9317
9688
10181
4355
1029
2608
5709
9782
3584
4175
8071
7734
8541
3188
832
2316
4630
5579
5385
9794
5745
4411
9516
11930
1607
3070
1160
8029
4620
11610
10670
147
1364
8870
9694
1302
9564
7901
3276
1309
970
10641
5462
542
1033
4021
11806
2416
3860
12697
9829
6174
7071
2546
5454
3424
638
4446
7838
4677
21
10054
10943
2722
11839
6565
1501
9702
2156
11675
4315
6386
7857
5854
1779
3367
12210
8585
8849
7324
9181
8248
4136
9217
5973
11090
4375
1580
11822
10134
5885
5174
7318
427
702
7113
7661
1566
11991
7445
6845
1611
5122
11713
3083
2559
7303
2275
3574
10502
2446
10453
3969
9947
7775
1292
11084
9355
10831
6366
6768
4652
4910
4248
4874
10259
6705
780
8636
2867
8451
7176
10750
125
2869
8687
10938
11338
3896
5821
11315
10686
3360
8406
8254
279
11180
12341
9527
8025
811
1569
1356
2622
9850
6252
10118
2925
11214
6602
1567
2519
3270
8126
8504
2373
9771
3645
10685
1750
9726
5500
10022
1585
854
4240
6232
1646
11588
4123
7883
1480
1545
10044
3889
8896
356
1064
11786
12081
2412
11830
3563
3835
2796
6289
4649
5161
10825
3742
12138
11705
6826
5512
9243
1024
7412
1401
11438
618
5942
10490
11321
8307
7712
1696
9433
9683
9640
10911
9137
753
819
10571
2760
8121
5768
5685
8340
6526
4558
7244
5024
2576
3135
3295
12681
12757
60
9334
4884
11695
4174
9579
4656
2568
8852
10485
11544
998
8750
11655
4643
2204
8675
9742
8517
11670
6002
10180
3520
7264
11721
1596
10108
10446
8486
7832
9095
6630
12261
537
6304
12383
8106
5315
647
2364
7181
5583
12475
4000
11756
2326
1296
5608
9555
11854
11069
4864
7583
9295
754
3491
353
4582
3
9942
3118
11978
6953
5379
8932
890
11403
12332
10709
5383
4262
984
1192
3805
11425
8312
7010
6123
9878
3902
2978
4616
11361
10787
2116
5092
10053
5262
632
4067
7686
4925
8780
1685
8361
6294
7724
3530
11116
3963
11205
5415
5125
1275
468
5489
11372
2673
777
5964
8323
3266
6081
10643
3615
2242
1793
1379
9764
10733
7086
1085
8646
4638
10991
10592
10901
2382
2689
7708
11751
4384
7194
1507
4551
3415
10712
9339
5650
1460
787
1062
8433
6532
2855
5597
11795
4494
3706
2069
5209
11443
9846
8929
10141
7338
4156
5546
8337
1851
8305
8642
6410
945
2663
11640
8267
7647
12201
1544
10809
6920
3674
2070
3019
7431
12085
4988
5494
5873
8785
10904
4147
242
12157
4806
992
2167
10374
2397
12454
11857
4977
10147
391
11431
12390
7419
8276
12232
12509
5664
4902
6445
6408
4678
3371
8464
1777
12575
3157
7392
6573
6700
5765
4308
3796
10244
8114
11875
10630
2124
4485
2582
6756
7558
5227
637
264
12678
6998
4516
2535
2713
12652
7388
932
5027
7462
469
4581
8506
5292
6715
8962
10114
9471
9727
8906
4137
923
10449
4268
4087
5113
11525
977
10405
4564
7141
11445
7373
7688
5105
2625
9387
8574
9249
11281
1143
9720
8291
1397
7532
5626
2328
5144
6111
2849
2881
958
3923
12442
8236
9307
12086
11801
3400
5065
9059
1791
12397
4435
4593
7834
9326
8905
7658
8802
3795
74
12658
11076
11404
2119
11638
11661
6723
965
2343
4263
2365
12709
11497
169
5362
5001
10683
9876
9661
5884
4819
4909
4521
11928
4082
3095
692
11834
2989
6066
10115
11418
12274
12011
10834
12669
11808
6068
4664
8505
8854
8437
4378
10395
4264
6643
6239
4790
8615
5017
7406
3094
11591
2513
904
8568
4342
628
3500
3737
8363
7174
10711
10664
9151
4394
10207
12170
7061
11714
3828
12242
9835
4542
422
7569
4959
8834
5852
10942
9380
6346
4783
9813
7227
975
4639
12130
7662
9752
2370
12675
4261
2687
7315
3484
6621
11840
11011
11680
165
6893
4933
10419
8660
10459
10791
7254
8072
9222
856
1360
9875
9375
6847
1393
5176
6361
7767
5553
5826
9021
607
12549
10602
7366
11595
1495
2470
5764
5860
5036
3281
12369
273
4274
3806
9166
8461
6917
5132
6527
10166
9738
1650
11717
10673
1661
5501
4314
8246
4349
5386
8730
2230
1168
1541
3162
3598
11861
5486
3108
5183
7088
9922
6202
3827
2306
10532
850
7375
7913
12404
9908
7766
2507
7000
5516
9650
2972
138
9468
6569
6099
4360
7178
5014
4223
7186
5991
7358
9664
2078
5166
1784
2150
6816
5809
7286
8150
1457
3648
3063
3145
8205
6495
12318
10218
8299
2838
7095
2858
8775
6802
12496
2692
8152
7701
5976
9779
8198
8983
5796
4875
6371
8359
8301
9398
4051
3776
5767
2862
9973
5934
617
7681
833
6392
11654
684
2714
6430
7907
1198
12628
7209
8309
11687
7633
9269
10232
7591
9789
7613
10979
2665
7780
6450
11888
2744
10507
11343
4222
10624
6711
12241
2054
7937
5392
7149
482
2121
11938
7729
3230
10926
9338
11160
9924
2923
761
8348
4011
7951
381
5195
12497
11852
403
3817
5070
3626
6476
508
12005
9168
6731
11532
8207
649
5981
6449
5288
2977
4191
9219
2038
7531
5924
7609
11927
9987
12266
1782
10982
11598
10562
4770
6145
8901
2676
2521
5140
5222
6836
1752
12167
1459
11648
5823
1620
2831
11052
10973
10860
7786
11310
5687
188
4027
4958
2583
398
12541
5673
8195
3696
5465
9691
2461
10346
10596
2444
2080
10704
11560
8719
11441
5363
3632
4202
7616
7763
1992
7777
12059
7594
5834
1882
7996
11357
8970
12133
1272
1764
9496
7422
414
7104
10765
3542
210
7370
10895
10065
11008
7804
11890
10110
7805
4176
12342
12686
5237
6994
2265
12329
8964
4149
12761
9962
5151
11502
5966
8135
802
9125
2670
2711
7987
11677
11689
3662
4006
6470
20
10423
9098
4077
254
5678
34
9896
9581
6436
292
10400
12762
1757
5717
5390
11622
5899
3930
1801
12306
662
3611
11590
2175
1707
10639
8402
3921
4979
12506
4538
2825
4119
681
6807
5118
7781
1916
5294
10001
6311
8131
9524
557
6903
1286
10013
6964
10714
11207
12289
7043
11904
491
3447
3183
1914
7444
11534
11341
8014
10369
1193
11529
3593
8800
5341
9124
2277
11406
1859
11881
9001
11261
969
10072
12468
663
9934
399
44
5453
1610
2995
9084
4029
10269
7112
3924
10898
1223
3034
8738
5649
2405
767
3239
3387
2477
1630
8097
1738
11307
1725
498
8244
7773
11815
770
9104
9210
5916
4780
3665
8945
8599
9466
3849
7257
5522
7072
8181
8689
7337
6952
11089
81
11273
6399
7680
476
1706
1436
10952
11691
12226
1404
522
5559
5446
6902
332
7201
1588
337
7048
5053
7262
9116
9885
8948
8873
6877
11923
11354
2028
7138
7164
2008
2635
8979
6025
11410
11602
6231
8654
3974
7659
2291
10452
5391
9615
12125
6169
6918
11791
1374
12771
10127
2383
11317
3818
5938
3775
5614
3525
12001
11851
9400
5007
7261
10442
10317
4951
7489
2146
4132
10988
12255
369
6095
5898
5504
3870
2511
6556
263
741
1167
1623
2007
9068
4953
12638
935
6034
412
1790
5890
8815
7320
1972
5814
8884
1612
3958
12403
76
4282
4116
8497
8435
1860
2731
8259
7474
837
466
1002
5743
7398
3813
2960
10444
10848
10333
2844
12703
4976
6078
1073
6704
2684
10747
9894
8086
8388
4496
3406
3910
9209
10499
7051
4670
5417
12691
4886
3204
9010
9983
5505
11394
9901
2830
3988
4362
6670
11496
11316
4440
2683
3728
2426
12676
9230
1765
9711
8537
4188
12236
11213
6806
6031
7094
3699
4631
12781
10237
12247
10797
2701
7363
3170
2313
190
8875
4062
2271
6125
10935
10607
3634
6030
5478
9598
6064
9306
8735
7868
1915
693
7278
10843
7321
8528
10512
2398
3110
5342
3913
2408
12752
3114
2747
10436
8213
12734
11174
7969
8702
11910
11468
7952
9281
6562
8108
12457
6725
10050
5623
7004
870
746
11155
7753
7120
863
6428
3649
5499
494
3280
2220
1218
8404
9792
5171
5350
2903
7684
2290
3652
10959
5732
11527
7587
10759
6769
5725
2994
1855
5788
12558
796
2299
7912
5199
9825
10106
2458
7695
8392
3027
11451
421
3044
4017
11092
4832
3968
10245
9839
382
1850
3366
9740
4508
10095
5960
3468
5724
11626
2107
12314
3459
9721
5910
12551
7192
10850
454
7516
479
4893
8290
207
8589
4916
10185
7700
3886
11313
5440
8495
3862
1449
11019
8331
1807
2791
12311
10006
5808
1951
8684
251
474
7858
7714
4498
11524
5301
489
5620
9491
3382
12118
12577
9452
4423
5306
11974
5760
5387
10735
2163
2904
2066
5816
785
9612
8160
6259
9100
9937
12277
3561
8610
1162
6335
3407
8503
7068
6184
3808
3667
18
6011
9370
9507
3829
586
1027
718
7989
2342
1599
1975
1587
462
9651
3904
4694
2736
3802
8682
10239
2975
471
2201
2655
11041
6620
9709
11440
11759
10559
5962
10280
12784
502
1656
10308
3085
9545
8432
2244
4211
1514
5361
11960
12594
7743
11966
1403
5617
8462
8407
530
8595
2666
10879
3936
2435
8286
5628
423
8582
7003
5098
1640
10542
3822
7570
10
2226
9772
3997
6567
7355
4288
6431
11788
10811
6345
377
587
4632
11746
928
7011
6695
6377
7995
7270
7798
9423
8508
7035
10909
8912
9464
8206
2985
722
371
202
1540
11157
7439
5120
629
8576
5257
2765
11446
4487
1823
3433
672
7333
4444
2127
10075
1362
2168
8082
1283
167
11812
12735
3262
2891
5887
7630
3048
1450
11939
10009
4459
3329
5087
968
7990
2336
10236
2482
9865
10003
538
2186
12281
11067
11399
6578
11112
6341
12673
11874
8066
3323
2710
3507
2268
4868
11911
2706
11096
534
2579
7499
10311
9224
11334
1320
2643
3067
8794
613
1293
5840
8194
9755
2044
4712
1307
7065
3777
1122
5135
4424
3310
5835
8062
3416
9445
1001
9668
4433
2115
1120
11719
12621
5618
5469
12041
4689
5258
11032
1557
8208
11486
7988
866
295
9867
12160
1126
8474
12395
12317
7788
10159
1004
2374
3651
6054
10412
9290
2488
7561
9105
6841
3917
459
4943
8330
1928
3334
5791
9805
4517
10144
5083
9672
5639
742
1520
2581
12282
2664
6310
2560
6814
5530
9052
5366
7252
2414
1708
10726
7930
2523
12641
3172
11813
6270
12122
5635
6754
11702
11996
11898
1629
6862
12646
8093
1506
8168
1996
3393
2741
1655
8102
3515
9140
11131
4774
3663
9329
9092
2998
9076
8694
11504
991
2224
3557
9112
10985
8186
5746
1206
2990
6407
2834
899
9206
10130
6581
7121
5344
3202
12359
4026
5630
2126
10897
10595
50
1862
6539
8377
11150
10671
5165
8936
5032
5193
5943
4764
994
2753
12537
12330
4660
9487
2302
7593
12028
3327
8277
7167
5659
1053
9024
7005
9539
6015
4070
6482
9582
9130
6478
8998
1773
9769
11594
9030
7330
651
4723
963
9323
3987
1963
8042
6076
12416
9250
7925
3949
12101
10079
5498
7017
5178
1966
9610
4687
3419
5264
7207
10826
6691
1486
10410
2361
4996
5300
12414
7049
2257
7420
10294
12600
8743
10314
8665
11465
2690
9045
658
7403
11581
8283
6966
1408
7151
5296
1724
7131
6536
2631
706
11197
4406
7327
12231
9765
6132
912
4809
12413
5668
3303
9160
2762
203
8008
8247
9887
11201
5182
4350
7904
12194
3408
12080
10267
5783
9127
7792
11657
5594
11285
4651
5646
3524
195
3878
11198
12174
7217
11660
5189
3439
4835
5754
8335
2182
800
9073
1137
6389
1323
10621
6642
11356
7496
7019
4655
6233
75
8573
3474
6356
6391
233
4415
5625
911
8519
12478
981
8801
1723
5643
8197
5059
6327
9722
11722
11368
1868
1568
11079
11378
3621
3404
1316
9180
11972
5196
7704
8984
6734
8006
5738
9436
11130
7624
3841
6510
12563
11606
5919
8156
416
12431
10944
6353
6421
8037
7614
7748
7812
1100
12758
10297
12000
6511
2696
8316
4576
5913
10391
12702
11877
11442
10393
9015
2688
2012
6426
4184
52
11495
6588
11352
8385
848
1211
12428
6024
2911
1987
4795
1919
10849
3732
9285
11117
11744
3693
8536
5284
2002
7936
8431
2068
3384
9264
10139
7365
4269
12712
11427
11731
8044
2192
1194
11676
6314
12265
7727
1848
1345
11267
2908
6499
6003
6049
1432
12441
8064
102
12433
6022
4310
5704
3420
12434
8383
6927
11330
12172
2837
11799
6793
12015
755
5785
824
927
11617
9546
9670
9048
5255
49
8701
7736
12400
11971
2059
5114
6580
5534
6195
1833
1092
11184
4601
1546
7326
8819
8658
1008
6255
10842
8010
11062
11064
12573
3629
974
9315
10878
10023
5923
4971
1140
3521
3811
12542
12688
929
12299
6412
4997
1516
3401
11151
6487
4592
8094
5684
10255
3004
9273
1995
8632
6572
12131
11752
4600
7825
8511
4388
8234
4794
1257
626
2225
1959
6697
4793
6858
1858
9294
11651
123
5205
1527
8258
3263
3167
3159
1927
12389
8982
1103
1253
3120
12439
11481
8758
8916
12296
10182
1465
4720
4572
6987
3269
2057
9378
6006
8544
4615
1861
3191
93
5347
5493
2909
9636
11322
7807
10974
9270
12753
10060
7484
5550
5830
8170
5095
4437
2205
3473
8298
546
1112
6048
7555
2259
8157
12352
3132
4438
7488
3890
4398
9154
3225
6179
6114
634
1354
10104
11195
11114
1763
1628
2889
10798
9961
5424
1647
12726
4317
12262
6585
2256
827
3839
3129
3397
12112
1558
11093
10768
7831
9745
4642
3572
11364
424
11583
10551
206
5995
11649
3345
9197
1722
2145
5773
8887
30
6651
10794
8099
9384
5577
1422
8457
11860
96
2930
9115
1945
9945
8525
12216
4604
2103
10498
3544
2787
2476
5396
12794
5236
6251
10254
1135
1142
3425
6187
3211
1108
11736
7364
10411
2497
8969
9175
1154
4914
6837
10829
2246
7208
7827
2339
9141
6045
10543
11789
12175
8242
10958
1080
4242
257
10296
10467
11936
4541
155
1225
4376
6740
10493
7039
9673
8007
8446
6039
8693
2792
6659
9106
106
10676
1717
1615
814
3907
6415
7656
6427
3867
11215
4987
1948
11903
5464
9754
7759
2368
8806
11925
1107
3967
10636
8604
10074
5825
10282
3210
175
8816
842
1976
810
12150
9951
7841
580
11265
1402
1800
2254
6884
11046
11505
2748
12051
9700
10426
1130
12787
8115
10206
6083
2936
5142
12747
6996
11487
2076
4255
12334
6206
12598
2390
5482
10380
5093
3791
839
7977
2899
8879
5836
4210
2801
9868
1970
7144
655
9628
8096
2208
10494
4816
4811
11523
10679
3607
2659
11098
11409
6303
4228
2159
4923
6973
5388
4831
4766
7490
6641
9707
7817
7205
8373
4599
10500
1866
5857
6038
4728
4200
11737
2956
3312
11977
6183
10357
10699
768
8167
12529
7926
9054
7183
5339
9086
2820
6209
10043
7427
2081
10089
12742
7441
2174
2502
11230
8921
438
805
11940
12286
9022
5969
130
3536
1249
164
4397
4041
10070
10749
2402
10865
11353
11078
11981
524
12176
9589
8704
4470
7856
11711
11760
10839
10154
7055
2394
2193
1317
574
10537
7955
5281
973
10830
10225
12517
1377
10764
5318
10175
11503
1215
1118
4257
1547
12708
27
9051
8447
3639
10262
3441
10627
1617
6373
9512
12477
8776
10539
1096
6274
10036
4319
7319
5566
10195
10286
10971
5338
12569
8913
275
12111
11704
7813
6155
7116
9136
1455
1116
9479
7949
12076
541
8784
4775
12295
8882
10120
9395
6149
1990
5364
12684
5134
4213
9693
7160
7323
5311
4037
59
734
2245
9313
8552
8105
12463
11293
10202
12668
8831
121
6154
287
3503
12772
7273
2897
4754
8762
8966
478
8606
11498
6279
5170
10663
12584
12379
9242
5774
6306
8165
2674
818
8637
8922
11796
6281
2120
6100
7239
8332
4761
7855
11193
1872
3991
8633
10315
5744
7546
11296
12124
3915
6665
8440
1981
3556
1065
4550
985
1157
2359
6684
1242
1315
1114
4471
1370
6698
3069
8271
7744
6124
22
1505
2279
2634
6897
4786
8412
3229
5946
3427
8225
6328
7053
2992
1622
3912
7705
11223
1052
5380
4499
7872
2946
1575
2138
9746
11396
12350
6057
2286
2613
4863
846
10012
10869
1939
5280
7140
2104
2814
6198
4457
42
6870
7675
2547
4256
6733
7791
12485
4214
1584
8133
5627
10322
7980
2649
9003
11509
7803
12049
2262
1911
139
2388
10727
7754
1888
1183
10756
1447
4686
7074
937
3659
5713
10955
640
11107
12593
5828
8204
11018
4732
11987
9788
1581
2273
5886
3964
5514
12552
1828
7517
12345
8036
8566
12435
7137
10135
248
1533
5756
6706
484
9733
11543
8886
8362
5940
9807
3714
9653
8745
11128
8706
3399
730
6663
6333
12211
10486
6475
5670
