11333
8956
11241
5996
10792
12039
643
2065
3074
1774
12511
313
6441
4285
6076
8184
6152
8423
11220
10503
12333
9077
7347
7915
2293
6265
9542
11411
10788
263
6472
4923
6324
9639
4763
9107
9414
3195
12713
10910
81
10446
504
12107
7442
1168
10893
7953
2179
8355
6699
10964
12679
8484
8305
1388
11033
10075
2860
4887
5217
9917
8659
10379
453
10324
11387
3485
436
2885
466
9802
7733
7752
12301
9464
5124
6588
5709
1890
7487
3448
7265
614
1732
10121
12337
149
7072
5923
786
7590
8394
359
6127
10226
6599
12530
7119
6734
6694
4636
3882
9590
3761
6984
10086
4349
1869
9277
9056
68
4126
3994
3488
4726
2524
4113
7692
1142
717
2348
325
1787
4908
8382
8138
7376
1799
5994
2799
2926
9576
153
4882
10850
6305
5455
264
3018
11752
10147
7206
12248
10628
10751
990
9084
11217
11849
2057
12292
9735
7613
9962
879
4593
11284
11608
11211
4053
6162
3798
6751
7469
9925
5863
9178
3495
1392
6281
12484
2228
1854
6000
6570
6072
7051
3687
2665
11147
11155
9172
2276
8653
3142
3698
2124
10641
5080
3639
1904
12369
11669
11915
1092
9270
7703
7394
3934
2851
1623
7428
10453
12585
5969
9062
3562
11502
5515
166
8207
4021
2191
4155
10939
11882
3922
3635
9099
8699
2969
11728
7252
4640
10555
1915
5770
4092
11117
1335
2937
8313
10355
4261
327
8919
698
2507
661
9557
5622
5375
10445
12267
5806
7833
826
2047
2773
9994
4288
11907
3825
8595
6331
7209
8777
11442
6635
7489
3478
403
709
3186
10803
10281
10298
11991
6136
6019
4166
8396
1208
40
1072
609
601
9787
4205
1897
1367
1726
5603
4613
4934
12616
4780
12053
5294
7010
2485
7207
1278
9701
6418
6463
11783
8840
11673
6329
5976
5199
6946
4433
580
9939
6647
6342
142
985
11614
4735
8185
4111
2772
5989
2174
1433
11428
6721
6810
3000
1110
913
12064
9382
10598
11022
6038
9631
5814
950
6737
6293
758
5568
12766
2855
9878
4279
8539
8566
4760
923
4273
47
8736
189
3919
3135
4513
12522
6687
11871
4245
5242
7884
6964
7439
7368
9334
8436
11737
7074
2779
11059
3790
5816
2438
10278
4866
9956
9758
4572
6736
304
1719
1747
11077
5889
5774
12121
6732
8643
10791
6135
11068
2460
2709
10200
10957
8516
4754
4776
12390
5436
5222
5208
8204
564
6227
3769
8969
9305
5340
2529
10524
414
11687
6288
8938
11456
11672
6943
6793
11486
8307
451
3772
5773
10342
8940
12752
2274
11844
6633
4096
4539
3579
1542
4920
6237
10279
3674
3154
7349
506
7634
10926
1654
2240
4118
9008
2859
5598
7669
10935
12592
6684
10293
11175
7212
6368
10105
4642
6553
1153
6755
1137
5230
12370
12773
6495
4841
7366
2248
2531
10518
11682
3266
8987
11424
10602
3248
239
3551
6505
8081
1562
10235
5270
10693
4963
9387
1370
9863
11478
5188
6106
11412
11403
6768
4416
238
11795
215
5876
1761
5118
1067
9705
8188
10806
12185
11704
850
9424
10546
4871
1717
208
6029
3095
11561
2641
6055
9662
10718
3096
9796
5496
817
450
4340
6506
7473
8234
6513
6973
10668
11484
3383
6928
7430
1578
11060
8717
8887
10150
11531
1546
1221
12508
6048
2137
6491
11289
10328
5700
3845
6427
5885
2140
11753
10142
4282
5134
2852
7417
9125
1482
3870
1589
10886
4146
6671
10449
693
430
11260
8963
2067
5004
391
4359
10084
8674
8931
11006
11390
1995
7321
5271
2736
3705
1184
5509
3269
10161
8443
211
11974
3959
7199
9573
3442
2636
1955
2117
6051
2976
3036
6336
3026
3457
2939
2110
4342
8749
7811
7844
11014
2909
11170
2616
2404
834
9258
4271
10755
3590
984
3945
6701
10157
10244
117
10378
1506
4185
10859
1525
9158
6923
10344
1744
8841
8877
2988
4698
10077
10102
12623
3960
3347
5845
4484
441
4879
12365
9908
5585
6260
11123
1041
2155
11485
10375
6032
2689
6312
3592
11312
970
9206
5628
8638
652
7948
4611
4076
5149
6561
2754
11738
2251
1547
12721
11864
8594
10029
12364
7803
6150
8341
1572
11725
10035
12268
10016
11201
898
5228
4497
9997
5944
8433
10752
12318
6882
10325
12127
7965
774
12327
8098
11383
5067
10785
7278
9216
1181
7954
6315
11481
12385
3102
45
9553
7594
1689
639
7115
5859
6597
343
8654
2511
2250
1232
9119
3634
2442
2831
1005
5033
3446
5458
446
12677
11898
10229
7170
2927
3517
5125
11618
8941
8895
202
6572
8926
666
4927
12519
5866
6818
11523
2490
2111
8986
6773
3720
4696
11306
3033
1380
2843
3709
8051
9023
7887
475
6618
2986
6454
6334
1736
6058
9938
12448
4656
5487
5581
5987
724
11036
8670
11799
10998
3526
8160
8125
878
6601
1586
4451
1434
3811
1816
7524
6628
734
10534
7092
3054
2482
4919
9354
11163
12110
1665
7889
2218
9560
9159
10578
4043
3719
893
5592
7107
6940
4500
3381
2895
1455
10577
6151
7751
2049
5631
6025
1211
809
1871
4009
11602
5847
11462
12315
2016
3821
608
31
9448
5433
2069
12027
11929
3047
1923
5855
6082
10644
917
3157
5789
11089
3588
11515
943
5694
5216
12132
12501
10707
2055
5729
5027
4701
9076
6497
11610
9864
8219
354
10995
3148
12295
10212
11277
8757
5485
6476
9648
8837
3753
9385
3027
6596
1113
8696
483
10134
10133
4306
4943
6328
12667
1197
10410
5872
11433
9694
3167
6183
2887
4820
2013
9839
561
7713
5977
9215
2827
2633
10594
12058
4511
1602
200
12798
1643
7145
11133
11689
4297
11177
605
9274
10466
941
10172
191
10368
261
8966
1058
1164
3250
10954
12334
4725
2087
5000
2832
2919
4295
5356
5736
4672
10741
1763
1063
1190
4739
5224
8255
6383
765
4829
9582
5983
8250
8454
5087
10217
9548
773
10871
9392
171
10039
1514
2745
61
6525
10336
9269
9823
10608
3844
11788
2418
5484
12159
11287
12649
5386
6595
1459
3011
7262
12256
10949
8464
9653
10340
4188
8230
1984
4026
8504
3999
633
7053
6417
1307
11916
8522
8722
7863
11870
3357
12308
8102
4336
4662
11987
1507
7309
11782
11873
10572
10765
193
3086
930
5297
7989
10404
6739
11104
4448
3856
5377
4418
3187
12550
8106
7386
4095
11406
2578
11206
1126
10383
4251
5329
8058
2603
2464
1081
8542
3531
11050
1581
5387
12789
4836
7112
887
1286
1680
4852
8785
2800
10781
1501
1320
7574
8450
7008
11165
8277
2825
7116
2212
9571
6987
8086
6577
11184
3153
11962
12213
8330
2979
7060
2989
2127
3242
7295
7348
9600
9311
1148
5092
11098
5240
293
8733
2492
8139
11711
11693
3249
11900
7731
1917
6429
3293
8121
3702
9912
10306
11793
1853
7106
11015
6502
3726
9808
6362
2555
129
2551
1997
1950
6556
5665
6786
9146
11243
11938
4747
9417
6203
12299
10030
10050
7275
711
3019
6284
2195
12410
8329
2132
4034
7462
9393
4773
2948
685
217
2690
9792
4346
5034
4814
6352
8245
902
9243
11575
7357
8267
4984
1087
3067
10219
10268
9402
584
6256
1850
7882
12033
4910
5712
79
1250
8519
12049
9419
8760
8747
9942
671
12559
8008
8148
2663
4220
3571
5938
4822
8850
8110
10329
11866
6728
6661
7966
5322
838
8405
8366
3611
2965
5066
5350
6550
8067
12139
10277
12685
3780
11497
353
12017
10153
7977
5536
5393
5936
864
11656
11966
9292
3149
1523
6580
4333
6161
3968
3459
8657
11599
9020
3469
9789
5143
9433
7971
5840
10967
634
4587
3237
8414
382
8988
12215
5246
6276
1140
6452
12382
2624
9708
2402
4143
914
921
7904
8310
3316
9757
622
3191
8604
3976
747
9485
7476
8896
4444
156
5652
1765
12224
6708
6616
10794
7045
1440
8692
412
2053
1453
4957
8590
3770
762
12518
3504
2912
2561
8473
8203
3466
4761
1610
295
4777
1244
5339
4085
7522
11052
8003
3909
6444
11863
374
2451
1134
3062
11043
10835
7961
4853
10525
8075
380
11466
8143
726
3691
720
10438
7374
3649
7972
1200
5139
2771
9733
11152
3273
11733
9427
7839
2768
2688
4706
2452
753
4729
2840
1260
3380
6838
8306
12775
12570
10583
9543
1192
6567
3985
8258
6527
824
93
10170
11580
4398
6771
8502
1234
1333
12634
10282
6114
1797
4541
267
7976
5762
9247
1306
10758
3493
686
5220
3507
1082
11031
4246
10478
11450
7638
10283
3468
9975
12529
9591
4985
1616
8413
7398
2303
2380
11347
5823
12503
11233
432
8853
6268
6864
5170
8870
7018
1224
2168
3433
4300
12170
4481
10253
3100
233
7306
8765
6169
11262
6718
11675
497
590
9739
8111
5888
11700
9753
11735
12586
5366
7568
4895
7000
782
5707
12489
2
9674
6166
11423
4420
1135
1584
3247
8369
7933
8025
3158
394
6689
4215
9819
4658
8711
17
7249
8001
3109
4987
6409
5956
10194
11595
10915
8365
2987
12144
12260
11949
5862
7858
10808
11852
10747
1735
114
9503
86
9903
10297
12379
9290
4011
10829
12348
7150
214
9209
6950
11780
596
882
7748
12328
11536
9940
9601
6083
10727
10796
12067
7685
254
12406
7778
9143
9850
5296
10237
5091
870
6468
8059
6598
10113
8339
11156
10126
2708
10331
895
1003
10110
2864
4731
8854
7871
11499
8745
5796
4007
8982
1160
4792
10394
9976
1809
10860
3927
12491
259
11303
6821
8706
7343
1526
8688
5492
3654
7323
3385
4929
4158
4594
11491
10370
6897
1016
1645
8247
1893
3711
1283
12656
5480
2259
7293
7405
11193
501
6100
6366
7354
2780
6277
10221
4275
11298
12587
3294
3880
6219
3929
704
9307
7264
10836
1663
4599
8379
10089
7472
11088
8890
8300
4478
5395
10462
9426
4286
785
3417
10213
2620
2395
12691
8641
2320
877
8574
3980
12468
2732
9291
6013
3464
8183
11493
7047
573
9562
6110
2363
8356
4781
237
759
4741
361
10318
4830
12356
12235
7698
6275
1734
10698
10003
5402
7233
9521
10526
10724
1903
498
6634
3925
659
7732
1425
2149
5809
5732
5369
1073
11340
1785
11906
10483
1382
7255
461
2180
7458
8422
11540
8624
8569
1847
9083
8792
2312
8591
6989
9616
9003
4743
11756
10980
3395
11958
11393
8196
11325
6222
11699
6896
4385
9248
9309
11252
9200
7636
4574
10552
1868
10236
6832
7026
8993
11544
4816
8162
1503
934
1778
11498
5452
6374
183
3499
2866
9498
8927
9773
2333
1611
7583
3412
5214
3403
12576
10457
1913
5896
11512
9763
3334
11574
236
9957
7874
6696
2039
1302
7658
5189
10862
11897
9702
3311
1615
299
7934
10284
8953
10090
63
718
2684
6603
4676
7908
12190
5205
1127
12031
7273
10485
5056
7178
5780
1707
2963
7478
2309
11310
12542
350
3942
12057
12437
3835
2618
6399
402
12131
2646
229
4383
9745
2175
467
2883
4719
2208
4321
3647
5304
8790
11105
4404
7318
95
10723
12795
10461
597
1621
5235
2078
9346
12720
7862
4429
7853
12464
8459
1528
8026
12095
9341
1901
10440
1437
12524
3310
508
12013
1912
617
7891
6958
9227
4068
8867
9783
11972
6496
12637
11279
4624
6234
621
997
12427
8
1420
6456
1801
11110
398
1906
6834
10537
5467
10148
5382
10371
11623
11228
10612
7600
5761
4409
3733
3830
12372
2225
10079
5497
9726
9235
12307
9756
8229
1974
5907
1060
11
2557
512
8658
10447
3146
12435
10359
7437
2245
10616
5119
9140
3282
3339
3467
9569
4335
10169
8052
5077
7501
12641
10092
3732
4334
12065
11451
3509
7200
4179
10705
3937
12188
1552
7467
6790
10407
3278
9339
10978
8199
1856
7828
9982
3378
4065
4071
11946
7117
8261
4843
11167
3570
554
8326
6238
8762
6906
1952
3766
5249
4509
5912
10316
10712
9371
7086
2373
6392
8389
9237
12794
2390
5555
9059
10222
34
7776
3301
3178
4717
10227
7325
12578
565
10732
4515
2133
4860
4149
7599
8944
12672
6482
6981
12787
926
6390
3046
1268
3760
1824
3802
4274
11215
6459
4867
9907
3176
1210
11569
372
96
9379
2670
4164
2366
4423
4135
12063
558
5753
8876
7982
1163
9881
10776
3995
1349
9098
6996
8440
491
10309
3500
290
7995
9993
4453
4372
10349
3058
6233
3428
2304
7240
5834
10107
6443
1996
2340
4996
4030
6178
5191
12350
2597
12387
11826
3399
11083
6630
8439
963
6217
7932
9766
8122
9053
7081
10621
7802
11047
4520
459
7840
12513
7165
10919
1017
3010
6230
6410
1368
7873
2538
6091
489
9413
9538
1487
3121
7528
2114
3837
11805
279
9351
1548
7835
74
8348
10942
1207
5595
1931
7040
1969
1365
1640
4567
9184
2461
9437
4217
3892
2586
3528
5290
10082
9446
4854
10568
869
896
7495
7606
8018
9670
10725
2255
3819
9583
3602
2671
6307
9043
6759
11131
1488
7527
5913
3629
1068
3125
3573
3549
11579
5453
7104
6877
10480
1166
161
7313
2612
12006
12555
6713
7129
9606
10202
5310
808
7604
1620
10115
2205
3961
9973
1220
7960
742
6674
352
11028
5553
8448
7779
10473
9036
683
7854
3043
7739
2214
6574
2785
12349
7589
11429
3918
9729
7479
12461
952
3558
11149
10762
9581
4835
12738
7534
11178
1673
8228
4222
9996
9872
7021
7545
5775
3771
9037
11246
10439
426
1167
8202
1464
12414
5964
12091
3536
9452
4514
8062
10834
12134
1389
8651
12708
7141
5782
3392
12591
4787
2580
11894
3758
4165
764
78
10245
5646
7020
6613
10610
1716
5574
9549
8680
9238
9577
7847
1144
1303
3288
12751
4439
5490
1384
5643
11054
6619
1872
4566
4595
169
5266
11835
2450
4666
12567
1669
2331
2873
10517
12249
7410
12129
9894
8943
651
10558
6942
6121
4518
9814
10421
3486
268
12705
12786
4163
715
7949
6645
8858
3362
7676
4971
11810
6077
11903
12418
1448
4801
7202
8200
2818
5347
12622
11437
7964
5821
4232
2308
4757
5972
3997
6146
146
10072
6528
12517
6686
1608
12113
8552
7791
9337
6326
9176
9468
5058
5755
3071
12149
8843
4916
4583
2090
7166
11578
2776
5465
7595
11395
5021
7080
222
12233
7894
665
5384
11458
1254
5314
419
10137
1835
2494
6411
1674
6190
11120
5351
12084
9778
6084
10429
2004
9475
11573
1768
6554
11857
8066
527
1015
9190
3786
3896
11268
8152
5498
3404
2966
1452
1055
4038
11694
11013
6015
793
255
7716
8860
3465
8836
1551
7708
6244
6067
10443
91
4168
8673
10881
6827
10230
2746
8848
7286
7375
5552
6440
2838
7607
9124
2683
7095
205
6384
6308
8213
3842
5516
3560
2152
9899
4646
3752
6239
678
5131
9376
10884
4535
5831
252
1356
1274
5621
9624
10482
9421
6954
11601
9788
2102
8489
4724
4264
818
12481
10384
9214
10706
2045
779
67
802
3715
11660
2834
5192
1730
1702
9686
8656
11345
4373
8652
3926
3389
813
2343
2755
10006
5421
10409
9738
8295
10819
6008
2556
10304
10167
9434
12120
6593
8958
1044
8856
8351
2292
5479
649
8060
5579
5557
9821
7623
8712
11293
11487
757
11041
11926
10299
7378
11488
12210
11080
10945
9035
3622
1963
11469
5699
5660
1191
3346
1804
12473
6938
2573
1698
9951
1885
4778
2465
5686
702
10772
2088
3048
4628
11977
8163
4201
172
5576
5961
9012
4338
2002
5737
11715
6961
7812
10501
894
11980
2439
6911
8753
12424
2322
7443
9444
11981
5986
6380
8198
6448
1791
6839
4031
4928
6615
5877
9486
474
11346
6738
3476
644
2814
3208
1959
11603
3681
7067
7832
5992
6119
10565
1743
7551
10653
12355
9934
3620
960
1105
4865
4367
11195
5548
12791
6986
7890
7576
4546
6465
1594
9139
6560
3307
6118
5589
8977
9244
5472
3049
5917
9760
9510
7415
6400
7138
4344
3513
2952
12255
2770
522
6722
9088
10083
7097
969
4278
5365
11829
6295
4643
10074
8814
6282
11240
4542
8312
8505
9471
6891
3147
4405
463
3788
4145
11324
2877
4878
6999
3284
8293
5537
951
6156
7039
6198
2822
10005
3617
8046
1245
9267
6796
5638
9879
9372
11718
3091
2728
12005
11692
12264
1796
5505
12565
284
11993
10239
3458
1299
1709
8543
10367
5679
5906
11886
677
5754
12405
880
3172
2392
3321
2454
3931
8558
10691
3325
8136
8074
12430
7770
8707
1821
10481
713
2431
12785
4263
8078
7152
5854
9803
6918
3344
10993
6144
377
10560
5614
11124
9410
1486
9517
6754
6552
6382
5185
1497
11448
3601
5111
2870
2913
12415
8299
2967
7062
4196
10199
10024
11475
9513
10081
12569
9754
7593
8665
5408
1965
8458
4325
8091
7744
7435
669
8826
2540
3008
1535
2853
4977
3677
12597
11617
769
53
6068
3762
11295
1686
1522
7402
12727
956
12361
7942
6280
9937
10589
1223
6622
11953
4936
568
10177
12561
4431
12126
712
10422
10141
9219
6669
2231
12071
3038
5534
3083
3286
5364
4894
5023
9454
2679
4392
2938
3978
2921
5319
5915
6369
9575
8720
1247
11919
7304
9428
3700
8822
2352
959
11994
3415
2355
2453
5169
11452
12781
2944
8630
11714
8175
11627
3706
6479
2478
5269
9833
4419
12459
7682
2472
2481
12606
7515
10357
249
10096
7470
323
6087
9556
5667
3785
9014
2387
1018
2541
5459
1395
5032
107
8385
5801
8955
4062
3277
50
9658
3168
5025
9744
5759
8924
10837
5018
10011
5090
2593
2977
2570
10495
5681
1704
12115
1267
11896
5232
9342
11985
2905
11150
9293
10989
11634
8455
7063
6096
6631
1129
9801
4951
1227
6530
11615
11187
11056
9995
7059
4247
3545
6371
5096
5298
4079
1794
5798
3110
9861
3754
9714
3199
10660
3979
9825
8666
5258
11434
10857
5253
5532
12400
1275
2105
8945
2101
2631
5590
11106
11591
6473
3814
4364
3398
1705
9877
7314
1978
1967
4728
6880
5469
6172
11789
12494
11162
6340
12486
12226
1942
861
10816
320
3449
5494
8921
9095
6966
3025
3965
8397
6774
3932
11771
912
526
11975
9195
3755
3663
2025
7228
5353
11417
10085
1700
6123
5794
9154
4194
8596
6829
13
6393
2145
6349
3748
6503
36
10663
6843
3646
10716
7719
8579
10156
12338
11565
6210
1371
4680
2723
9364
8002
12777
2724
3116
12221
3094
11219
11803
1345
8933
1327
4508
1561
7903
6779
7783
8801
3637
5527
173
2875
5734
12500
7090
449
3463
6876
11035
9632
5950
828
3640
2237
7601
11366
1045
11564
1013
9986
6799
5198
9368
3652
12426
7061
7317
12742
4107
80
5985
9837
814
3482
737
8346
8830
1471
7927
4538
4466
7424
10564
11893
6056
9532
1162
4054
8079
3320
6992
1886
9911
2266
4827
2182
1962
10231
3228
6903
9884
2783
8572
19
2430
7316
8960
5826
10597
440
8270
1986
5179
3281
2600
2459
7539
11125
4554
2491
6034
8399
154
10902
10764
2655
586
5883
10938
12164
4173
12143
12493
4704
4819
10040
6706
12184
9395
2023
6062
7800
4091
8553
4495
9550
3849
1575
6052
390
97
1817
7730
2901
11721
8650
10120
7188
7530
7684
1685
1251
10251
12716
11851
2267
9205
6153
4327
12341
11261
8393
12234
2113
2530
12630
6240
11164
10904
12042
12695
12613
5201
8462
2158
12707
8284
2184
11762
4399
1861
10749
3163
2230
7358
4154
2079
760
11777
11314
3352
12167
12557
11102
10746
9286
3340
10617
6113
10645
9959
687
1428
6698
6137
714
3881
2761
5744
9032
3287
11271
4921
8727
4606
5993
10865
1865
10252
2628
866
11734
8298
9512
8779
4804
6908
7284
6826
9732
6517
8892
2009
11247
7243
3757
2716
8116
14
10347
7555
8981
10408
9409
999
11207
1983
10220
2379
4214
4846
12345
175
11311
6073
9283
6922
10276
6115
7056
6777
8974
1846
11847
6423
3181
11418
4109
9531
9953
4238
270
7510
602
6862
3699
7065
4568
12036
8968
6959
1587
8929
6250
10171
8333
9520
9069
5003
12343
1338
7453
10027
7230
3860
3729
8789
2051
11674
12323
6262
9572
1585
335
7591
4532
6449
11899
3923
657
393
7457
1582
6641
10520
8685
8639
12373
12558
804
11702
11245
2499
418
12026
6291
11203
4411
6948
12629
3461
2978
2335
514
1330
1314
12265
12306
12797
11198
9930
9031
10874
2758
749
11848
9598
88
8127
9390
4591
10763
12012
2192
5281
8761
7512
10925
4705
1888
1652
3226
2204
8864
7330
3129
157
11992
10675
10684
1826
8318
646
4046
920
2675
2719
2694
2522
12456
1483
5338
10403
12731
6983
11330
6624
4277
7631
4424
8979
10965
2536
2820
7653
5530
9218
790
3874
3603
10476
3596
3920
5524
544
3164
11364
10529
4961
5891
7445
4305
9671
2718
11465
10953
2196
11402
7277
3559
1008
5138
6640
7526
6241
11998
10678
3721
11961
10187
8719
1439
4240
8518
12505
3064
3683
8796
9321
10975
10990
10585
11887
10642
12454
6007
9420
8600
12020
904
2095
5769
11009
8947
310
130
11360
10308
9199
10188
10619
9152
12074
9533
7085
1117
2759
12068
2376
4861
610
2805
2163
1741
9805
11665
11839
1929
9829
12133
12214
620
2425
9727
12450
4171
2982
5690
8469
5425
6080
7560
4630
12651
5303
1198
7238
10970
1369
8037
3520
3756
7820
8383
12762
6651
351
5868
7978
11742
8446
5158
2164
1766
6363
10839
732
8210
1670
1662
3251
9604
7093
2668
1722
10842
10470
12793
823
4659
7771
1481
11361
10851
5059
8750
11802
7279
3391
216
10425
9920
5634
9328
8746
4142
9477
3587
3034
10713
4863
11401
6892
11697
5432
2769
11180
11400
10824
9018
3212
1964
9249
7815
10388
3029
3518
4044
6420
7433
6108
7132
8386
10185
2345
9713
207
10888
4296
5161
10395
8321
9019
3580
6778
10450
12598
6879
10549
6521
9734
10900
6788
11831
9245
9361
6075
2509
1990
9666
6735
7910
11096
4537
278
7795
12520
11921
5017
7341
5113
12416
2421
4918
939
4108
4450
2007
3127
11194
8559
10566
9983
12246
10562
12211
5788
4311
1189
4912
4571
2038
9719
835
8985
2678
1935
55
7842
3680
4834
11800
5457
3367
7465
10087
7499
10131
1147
5578
4006
9255
5239
10703
4426
6673
8274
6555
6318
4544
10679
1919
8549
12506
4172
8011
5106
9970
4627
4992
1750
12515
11951
10709
8917
8721
3084
9909
288
8817
1069
187
5243
5194
4575
799
356
7120
9423
9101
5200
11447
10522
12018
6658
761
7322
3891
9366
1259
4995
5463
7952
854
4061
6030
8428
6216
7643
10844
5904
567
3037
9187
4384
9594
7717
10773
5152
306
8752
3183
8849
844
8557
7796
3915
1606
5929
12297
8021
5454
3231
3113
9852
10799
3512
4356
3166
7627
7969
2707
9163
6606
1138
1264
392
6639
9961
1636
11941
7315
7670
10291
2300
12397
12709
5030
7256
1381
2917
4036
8232
1928
6035
672
5583
10101
6155
9377
8920
10032
7385
3501
3707
9357
1095
1706
9112
9465
4945
1202
410
5990
5793
6426
1269
9407
10690
6063
4759
7446
6134
5046
4394
5211
8030
12718
1895
2286
10891
4573
1948
7052
3583
6642
2563
4412
4219
9397
2437
8109
1398
6609
9868
7860
6514
3197
7019
11328
3453
8442
12399
6559
9901
574
7784
2867
12177
3928
3893
5741
6789
11202
4968
3408
10686
99
8632
10211
2662
6693
6012
4112
735
11505
2291
8177
11885
4027
3063
9232
9265
3675
5307
12207
12462
9325
4337
10507
2041
12047
5252
5748
7069
2886
2958
1316
12219
5417
940
6377
11352
3335
8013
2005
11419
12025
607
7390
1403
8511
8068
6388
1980
12344
11973
1627
12628
9785
507
11205
8942
3489
3318
4565
7672
11581
5327
2619
8839
298
1479
6098
5545
10337
23
4492
1696
5815
7474
5559
8043
9049
12310
11535
7226
1858
1282
8913
5531
4790
2961
6562
9636
1642
1324
5012
12734
9897
4322
1318
11073
12016
11235
1517
7777
4650
2092
2592
8367
10502
6573
9827
9736
5817
11507
482
10540
4181
2372
8861
728
4452
8783
5076
10779
12073
6498
6581
6583
2074
12228
5389
9656
10719
499
12066
8268
10381
3268
1708
4941
7661
11739
7372
10057
2930
7481
6460
9320
7544
3947
2828
333
1376
1880
5947
3973
6160
7328
5147
3741
1399
7406
6042
5958
11326
6784
12694
10656
11409
5146
700
9849
3145
1900
5919
12153
1849
6355
5273
5894
8315
5946
2014
3595
11868
7956
9202
6187
12351
12070
5148
1753
8882
3783
2435
1328
2533
5444
387
6194
2339
199
4678
281
7337
5522
4810
65
1366
11183
2945
8033
127
6632
5784
6653
7359
1239
6
7133
1603
12276
9230
2042
11300
9039
600
6746
1591
2422
811
6666
3618
9450
4872
4221
132
12614
1300
3872
11932
3315
2477
10017
3350
9457
1631
12082
10192
7283
2100
10790
9625
9220
2721
7640
10551
3420
10362
9335
10624
7715
9358
11027
6849
11377
10674
6863
2207
7159
9948
8909
4329
9443
4101
10625
22
158
4975
11914
5166
1668
10777
3684
11836
5407
8628
10547
1047
9289
7235
305
8998
7136
1810
691
8104
1313
9669
3072
890
11549
5677
4316
3124
8780
8388
9824
10683
10249
4355
6763
273
7786
12436
4106
10649
10209
2950
2677
9055
4445
4125
7926
8538
9800
1178
5116
2346
4674
6046
89
5308
1738
8063
7963
381
4551
6309
6040
11526
8438
1387
7194
9323
7838
9015
11625
12577
2498
4709
5661
1019
4
3975
4720
5108
11337
10591
1115
12696
3631
10338
11510
11611
11811
3260
1435
2516
3319
575
8384
12080
3863
5908
4486
5546
4896
9768
5637
11817
2715
3292
3505
6175
11292
5333
942
2900
12608
6767
7905
8513
6316
6637
4225
12758
6546
2932
9752
8325
5542
8235
10912
6253
3337
9472
3651
12739
8669
7009
12507
9551
10576
4320
12417
12532
11503
7280
8488
11496
3519
8283
11798
10386
11716
4564
8605
4953
8377
8726
10310
6302
3424
5132
1681
11818
6345
8320
9999
11017
7075
11638
8119
8601
7541
7015
1262
11044
2765
6760
5419
1521
2560
3745
9191
12478
2812
1828
5979
2790
6375
1359
11838
1304
3600
8349
9168
9854
6969
2936
1800
1786
7633
4195
5506
7603
8486
10448
6782
1046
7089
12643
225
1889
770
10326
7285
4151
11339
7480
5493
5055
7041
1375
1139
1430
3099
460
174
10180
9164
2056
5050
6523
1155
9559
1924
1378
2324
8495
7196
5760
11807
881
1444
4077
11773
2547
12710
8732
5079
1157
1065
181
2048
9568
4069
8254
274
5500
797
5105
4904
3151
3275
2194
2878
5893
889
1467
196
1344
8655
11989
12647
744
116
5098
11067
8049
9516
9818
12604
9611
5772
1421
6120
3345
4980
2141
10670
364
4204
2229
1400
2518
12247
12258
10960
871
2943
11891
1792
8788
8487
707
768
4001
11736
11457
2858
2044
5867
10931
7125
11901
2744
9558
6299
12376
3806
5710
6889
10811
1048
660
2432
2315
5980
46
1175
3829
2144
6504
9896
10064
11344
386
9456
1939
9025
7514
6097
9145
9375
4148
11058
2836
5174
6224
2608
11763
12479
2949
2997
12747
3264
7491
8444
5620
2714
388
5145
7529
6396
12428
1288
11158
10129
2129
5728
10985
11049
3820
5325
10189
7794
9623
2801
8886
12251
9992
3188
8380
3078
1678
4209
2217
7121
6207
7755
6450
1684
9494
5028
7156
5042
6547
7911
12458
11259
8908
9663
4697
3314
3816
11940
1564
3055
368
10396
5838
6191
11085
5786
4087
3521
2198
12254
1876
7899
8395
12346
6720
433
5062
1961
1878
2424
247
7029
9256
7251
10061
11879
6002
3750
2733
4050
9842
10163
1053
10225
7068
8631
3991
7002
3593
5811
10196
1083
4808
8253
9718
83
4362
11386
6925
1029
12636
2605
210
7033
9748
8411
5711
7154
3374
11191
3090
10339
2682
2118
2656
10475
7531
5422
11530
8772
3878
5824
937
2070
4898
12411
4588
4086
12158
11275
10634
8314
695
739
7668
5129
1006
11420
11064
10007
7355
12243
2227
5259
4269
4700
6912
6594
5115
876
230
2816
11114
11221
11539
8676
2543
2884
7087
3401
3003
8376
2532
4123
471
11774
9412
186
1644
4907
3672
10068
10013
6835
9016
6917
345
6405
1416
3040
10138
4042
11396
2302
11321
1596
9026
6243
6053
6402
348
9843
7984
5693
1993
7816
11537
8239
7218
1960
6367
10802
12319
10979
3900
12753
4098
11957
1770
8923
796
10427
1758
4010
1241
3516
637
7988
8636
11214
11430
1618
10856
6831
6750
10118
8370
10424
8140
488
5163
7429
7799
2907
2645
9657
9134
11302
11001
12783
9914
8678
2272
4137
10596
8029
6848
738
3484
251
6979
6499
4120
7257
11720
11244
3112
8481
7897
11825
5093
9071
9593
6785
493
10633
1914
6142
4459
6648
3045
2264
9087
1174
7338
3643
9859
1498
4081
8101
11112
6211
5654
4467
7785
3543
10285
1171
7673
269
7384
2307
9007
5508
6297
2486
6885
9117
11939
10584
2031
1295
10097
2559
682
9322
10049
3544
4443
12772
1820
6749
5714
12300
11644
11373
8531
3901
6398
4208
8976
6192
3312
3454
316
5374
5265
7388
7937
1125
5587
12770
7642
515
6471
2244
10033
11543
2712
3196
8838
3210
11319
11936
10021
10514
2093
7392
6695
8954
11115
8598
9239
4670
9193
3557
8452
7416
9555
3209
12453
1034
5887
1982
11280
10846
7646
1783
4294
9722
11506
7449
6867
8374
606
794
12746
5133
4461
11867
10512
8071
8099
8611
7276
12202
1342
2297
10043
12474
4463
11880
10490
845
746
4177
7655
7203
9327
5879
9612
5385
6592
3847
6795
6612
3376
4862
4765
5434
4580
12386
3527
12736
8463
1837
1346
11389
11631
5691
10917
5903
11745
5317
6157
12283
563
12788
5175
1122
2601
5593
6685
9596
6036
1773
11516
7848
10657
1647
8189
4019
7148
3445
4093
3079
5624
673
3525
9324
6921
9775
8418
6944
4395
8054
2082
11666
5730
4442
6270
10045
2835
7396
6185
9116
2699
71
6725
2762
4937
3807
11801
1213
2819
1183
9949
11657
12580
5378
5881
1028
7013
4140
1043
1415
9892
4139
12198
8242
1337
7042
10738
833
8514
2209
3001
8449
9644
2558
2183
6481
8769
1451
3607
8607
1614
2249
10544
11683
8959
9929
922
11092
12223
3655
865
1102
7425
1532
9585
2193
6629
4647
8278
3678
2991
998
4976
10508
5277
4326
594
6716
246
3306
2722
7227
5949
10721
1529
7648
330
2528
699
5360
9476
3954
3941
3510
9204
8907
4833
362
4253
12321
11055
6656
8190
12236
2263
8582
640
3338
1759
8523
6672
11322
771
5182
8807
10287
8191
10015
9487
2849
6057
10098
5464
2447
10916
9497
2071
8608
547
10197
7630
5812
10767
4029
318
4254
10897
2974
9638
11492
9355
4483
748
899
3356
3865
2925
5669
11874
7632
7171
2157
2420
3917
9288
8115
10786
3541
2778
70
7808
2317
2364
6480
2610
5890
10333
5864
12687
8503
7077
7360
3861
1756
577
5765
10797
7509
4838
4770
6787
10314
667
4721
10018
1253
6252
6360
8554
2077
570
3688
8368
10876
7621
4543
444
3670
6486
2848
10933
6804
873
10783
6483
2918
3444
8701
1538
8350
7172
3120
5875
2131
8970
1781
7274
1920
9977
7913
1317
4396
4212
10020
12560
2232
10406
12212
11806
5942
4994
1361
8257
12060
5771
12388
12477
994
1114
8416
5735
8525
10996
4660
11003
4714
11594
134
6846
9350
7239
3161
1560
3984
12216
7412
11842
1764
12706
9186
11758
1263
11410
10149
2374
1555
11954
5842
8798
6023
5905
39
9104
5137
2275
334
1173
1831
9262
5373
12434
3254
10234
6009
7221
11978
8613
10543
10094
369
5040
9640
3800
12138
12682
9673
6226
8241
6972
9118
5337
12444
6455
6655
11336
12284
5945
48
10516
1074
1934
9349
4129
4435
5777
10782
10048
4969
4687
11875
1449
662
6681
5278
5274
6325
9527
6644
9710
9451
5507
2187
3076
8061
11548
582
9855
9822
12680
859
8710
10112
9169
10334
12281
9586
10820
2737
7299
11212
6267
481
11334
3804
10363
8893
12270
7654
10774
3616
4530
9932
8679
11895
946
3935
8903
8766
4982
576
3996
853
12269
7711
953
7329
1090
5448
12040
7397
75
5547
12572
1010
7294
775
3765
51
8971
1491
3215
7438
5026
8612
6727
7310
10934
12024
2254
360
7043
690
242
12697
5963
7876
4545
2594
11747
7578
10350
8027
7573
11658
4507
7139
8751
336
5851
2599
3411
1225
3794
7050
11174
6021
178
7998
9251
2806
5088
12754
6538
8336
12702
9474
1078
11351
9066
8227
6660
7609
3906
11524
12392
1701
2748
10069
3290
7168
5187
8883
2479
5607
11500
1505
6719
6762
4942
10095
11768
9156
1832
12098
5909
8571
11061
5781
277
5244
10798
8084
2659
6373
5316
12322
9009
9898
7144
1947
10456
2059
9129
2436
11267
3436
530
5361
9507
10114
10136
8580
6650
8358
9567
1438
10521
4774
7836
1132
1291
10154
12401
5937
7585
10590
10044
3547
1630
5287
9776
12286
456
8916
3472
2756
2914
9570
9979
1461
6988
9217
11101
12305
303
7780
10671
4471
10959
12217
4989
9967
12652
7696
4345
1803
11662
7179
1836
664
9473
9449
8775
11856
11645
11309
3773
10062
6510
11997
8533
989
4547
7885
2985
8852
3606
329
12069
2850
224
5844
4241
3483
5626
11794
11922
8072
7725
2505
6537
858
5272
2960
3944
1925
7083
10943
5291
12642
4737
5186
2613
3953
9955
3730
8265
8818
9704
2368
2635
6690
7163
5611
12000
5392
1604
5719
11772
11483
9885
8517
10432
9151
197
7859
1867
8540
445
5551
3234
3092
5215
12440
11609
9647
1841
8401
2564
11726
10260
10455
5400
867
3060
1076
2109
11057
4959
6968
4986
7540
2676
4258
5609
650
2458
309
3594
3864
4991
6902
4256
9777
2469
10805
10261
10263
9642
9141
4088
11074
1862
2022
1096
9406
5666
1097
1811
4614
7362
9806
4875
10360
5639
3332
4639
9259
2701
10726
12222
4127
11843
10315
8500
7222
9915
10531
6350
4893
1436
11730
9430
6261
987
6475
10867
4186
6683
12402
4249
9072
10869
4136
1226
1808
5697
1315
1196
2484
4152
5391
188
8906
2301
7922
11890
7504
528
10008
562
12750
8031
7464
6387
8797
11357
10682
2590
2562
7765
3621
10498
11641
1632
6147
10505
3868
8875
11604
1740
6600
2428
4557
4598
7592
2537
283
7543
6974
7738
1447
3803
6290
5044
10140
9621
2294
3200
10946
2502
2223
9127
464
3305
8520
8087
7308
11622
6747
9980
12659
5752
2774
54
3170
6341
492
2383
12201
10968
5415
108
9918
5836
11593
3669
10923
7893
5437
12279
10659
7017
11234
11388
1002
2089
5061
4590
1908
87
5126
6852
9865
5841
1101
3355
12038
8244
1429
10116
2888
7058
12242
5968
9797
6306
2629
7393
4845
801
10831
4470
9927
12240
6105
12100
7271
1116
10906
9050
6457
10601
10174
9534
7497
7689
7651
10351
12079
4458
6179
3813
5461
11568
4637
4629
2973
6937
41
9809
1383
6044
1106
532
9944
10444
11435
5227
5853
5706
7232
7466
10248
4796
2893
10864
10343
10411
10143
2630
5580
9356
10840
8832
140
7764
5948
3497
9482
12690
7189
10695
3529
7381
4693
8117
6578
1032
1308
7463
11327
10937
5523
10431
198
3267
3522
1894
863
160
5608
6310
10270
10631
5584
8398
6351
806
10214
9150
7303
3414
10784
10630
10650
545
126
8755
2086
2350
12052
5140
4856
4718
5011
11619
1130
3138
11107
8949
9073
64
9303
8266
2898
7687
6783
8808
11878
9304
6512
4004
3182
2359
641
2271
1357
12087
468
12700
8035
8570
10573
6590
12168
3743
1409
2344
3666
7619
5832
6333
7830
3739
1739
2202
11598
6871
9481
2037
12722
5746
11008
3427
8952
9696
8010
10760
2981
1466
7994
7967
9038
8545
9515
363
8738
2607
4577
10345
8809
4623
3569
624
4892
7122
1845
7556
5438
1874
3895
11677
5698
3416
4124
11294
11709
6837
4374
696
4216
7229
5717
628
1979
5094
6248
8082
4979
5309
7448
9496
6006
1206
9950
9046
9432
2211
5085
3440
4740
7507
6193
415
7079
12380
7100
8181
4897
12245
3535
10992
11099
10914
4621
3214
20
7617
9660
1026
10243
7546
8275
2060
4473
2992
1012
9106
825
7980
1001
1902
8222
12285
3150
5460
276
9844
12658
11791
3056
4432
5156
980
7461
11407
378
8948
7400
3065
7250
2277
5195
10538
4199
9260
2216
1004
6663
2497
4612
4931
2085
8563
2861
7012
1216
9405
4540
11853
5363
11653
10423
5491
2446
12664
7210
9367
4014
5899
6406
7307
5159
12684
11776
2247
2625
2604
6840
12203
9564
3429
152
10911
9528
4990
4361
11482
8831
10681
6264
10780
9431
10999
1992
1238
4932
12137
6724
2150
11942
3276
6206
8578
9772
12114
11225
4494
5541
10323
8561
6088
8524
8373
2261
9595
6576
6627
12183
5229
2706
680
1469
2542
1470
12117
3867
9985
5478
4206
1556
2953
7193
8435
6542
1472
3641
296
4762
3747
11553
7456
9398
11426
4964
5101
9916
286
8432
2975
7792
7883
2583
4393
302
2434
9029
8687
5306
9887
10397
340
8280
5151
3763
4304
2260
4237
944
486
10557
5451
10775
7991
4753
795
3884
4654
6894
8889
9180
5429
6419
5172
8534
5878
1748
502
9935
1848
7234
12615
5499
6228
7201
1625
981
11960
5644
5577
5829
4669
109
1347
8962
4644
5332
6791
12320
3858
1911
12028
4981
3682
4197
916
1634
7572
500
6711
810
4187
1825
9794
8044
5911
7979
145
6508
12676
9870
8768
8038
3132
7625
4080
12161
2280
3888
11367
8763
11176
11285
5787
4848
462
2029
92
5723
2730
7628
964
7635
11222
772
9120
2103
725
7774
2116
4083
9523
11650
1236
1633
9108
10127
8324
11103
8323
3137
10833
3481
11767
4997
8695
7345
12194
8748
12354
10009
6189
8126
7557
4357
11159
2791
9203
12779
4178
8510
4522
2581
5682
540
7697
6401
349
6184
2664
8327
1688
12199
8474
5398
11242
12568
5286
6742
3192
7807
1813
1599
2994
9388
170
5057
11956
993
8340
1281
10761
7418
4415
5388
9240
11933
4016
121
803
9000
300
4257
12408
5359
11744
11626
4528
783
102
2692
10046
7916
9042
3396
8372
12
11405
9063
7970
986
3219
2201
11559
8528
12732
1011
12130
3030
1276
1649
5570
519
98
7427
2455
11858
6817
1103
6529
7114
9526
2443
4840
8424
7477
8019
2410
9429
10858
5543
9065
11127
1531
2569
12759
4064
3279
2305
1930
5756
12782
6303
12102
10271
6337
11649
162
3162
5837
10948
4671
8437
1474
11392
3021
10711
11138
10892
7434
11121
4472
5649
10629
741
1851
11216
9743
1772
5895
1715
6809
8050
12196
5086
3322
8233
2802
12197
2384
9229
5390
11708
12175
7373
2673
12510
3141
10717
8166
2142
11476
11592
7868
7484
9798
11659
2015
4555
7720
12124
9469
9770
9540
12059
599
9415
12548
7432
5715
12135
4218
11764
7918
3213
11369
8128
9974
5462
5210
1038
10001
11097
1071
10605
6797
6182
579
8734
7663
6245
1075
1664
12056
11253
12527
8609
4812
12579
11681
4793
11969
3238
4519
5575
5
7758
2107
9499
10491
11362
3841
9724
5708
3576
5599
10181
12244
2121
5495
12023
7577
2342
11467
2585
8978
1607
6991
961
8834
1242
3539
9988
7162
1509
7814
9725
10898
10676
8623
9445
10748
12148
631
1956
12535
2651
6652
12556
10380
7886
10335
4602
12375
8716
8593
5052
4410
4600
7382
8291
5558
2757
8791
2545
5916
4498
12409
6953
7180
11706
2284
7142
4556
1671
10257
5130
5871
4272
8120
11269
12488
8972
10186
4828
1186
4784
2356
9002
11701
2394
4024
8805
1252
9506
8704
7695
7084
6638
4732
1230
9194
781
3390
10759
9040
9478
3981
9630
1793
9228
5602
8194
11869
5160
2854
6602
384
6519
12077
10600
9654
966
5514
12538
4769
9211
11819
1566
5870
3225
5289
7091
6437
272
12756
136
6579
62
9033
6298
6605
10527
6803
4561
8965
7259
9221
9589
2998
9779
11967
5918
4604
2830
3958
12378
5121
1580
9689
12715
4371
7550
1182
10091
5795
1480
3914
6223
7662
12116
292
2171
10022
7076
10903
1838
8735
7943
10454
11705
4303
12485
12603
883
6557
11066
11349
56
1256
4460
10066
10492
3955
7938
8725
5241
12601
11785
4289
8178
4200
1537
3848
6204
9436
9633
3851
11529
8338
9691
6823
12220
3179
2239
6478
1957
11832
9058
328
10730
11765
8912
4239
12475
3443
5724
4162
12539
9888
7581
1524
2177
2334
8621
2173
7722
2710
10958
703
11119
11546
5713
7048
8430
7941
5449
3349
12482
1476
2369
11297
11084
2922
11422
3077
7208
3262
8135
6854
6857
6174
4099
7460
5155
8614
9645
5097
10536
6327
8713
6764
12266
10175
5703
9068
1648
9231
4608
1441
7657
11670
12663
10710
9463
5348
6977
3244
4157
11576
701
6956
6066
5822
10823
7759
2353
7005
10882
11441
8799
8911
2365
2495
10972
11597
4227
10376
7140
3296
3
2959
2617
2637
3822
5283
2327
1891
3724
3051
1212
7503
1233
243
841
8686
8581
10155
6710
11122
2731
8530
11359
11698
1401
12230
3341
8541
5605
9677
10205
2660
1653
8709
3673
27
9252
6905
7880
7705
423
6620
2857
6670
12471
9869
9579
4066
587
8290
3217
4331
5103
11288
11283
10399
9858
2554
12737
10165
10259
7475
3946
8482
3317
10986
7082
3952
10312
2262
11812
1544
7225
5335
1331
1128
2487
11471
4603
10294
10436
4075
4242
3253
8361
6149
3930
855
1339
5970
7242
5957
9047
1057
11950
4880
324
4041
271
1667
2314
10553
7197
1543
10669
12633
2941
3796
6022
10493
11436
3993
5009
8995
2792
260
6893
6963
7846
8730
7440
1843
911
8096
9302
8017
12303
2154
5856
3255
1237
8478
12607
7947
10484
11892
12650
8028
10398
8634
1771
10813
3940
9313
7726
11680
7471
12336
7554
5513
2123
6900
8992
12004
5846
3323
9635
10494
8006
10895
10688
6808
11647
11990
101
5102
642
3857
1549
7718
7675
12200
626
3502
5897
5930
1954
3970
3671
708
6858
958
1844
11005
559
9784
2258
1084
3439
5223
6924
4073
9261
2010
6125
3107
6246
2793
12438
8108
7968
8287
3731
2681
8164
8989
12698
12673
4315
3400
9136
537
201
8260
654
2349
6723
11331
9161
4558
12141
7558
4850
3423
800
3144
4966
2252
7404
4302
8220
11542
2413
8055
9103
978
679
7999
5833
6819
434
119
9811
195
3818
10464
10100
331
4133
7690
1660
3787
6074
10389
6951
8402
11551
12395
5582
10207
10139
2351
7003
12232
3140
3280
8123
1293
2269
12611
8880
1404
3552
10130
9699
3676
3738
7724
4193
2062
1650
2695
3175
9438
11861
4560
9318
10144
7421
611
7644
6372
8964
2955
4032
10963
49
523
11137
2456
11902
7340
3523
616
10193
10420
10321
12533
6154
4748
983
12445
2962
9693
11231
1818
9989
6339
12122
12007
122
6294
5501
6511
10901
11251
6296
2156
12599
4198
355
4287
4229
297
11439
9765
1805
7580
8881
8862
4864
11470
8835
3009
10728
4609
439
3506
8447
10173
9626
11438
7516
11924
2361
5653
4807
1703
12140
11538
4270
5047
3042
5779
6836
846
3866
12441
11527
729
1723
6904
12620
6587
7302
9688
9804
10801
9522
8515
9374
7134
6283
337
5368
10369
10103
11999
7935
710
5410
3826
6865
7925
5768
2510
5311
7821
1297
1605
8508
1569
12229
5420
3574
12724
395
7666
5263
767
11140
2336
862
6321
11678
11169
8555
1465
655
4094
12325
4070
12502
10500
6469
7346
10471
836
1118
7571
9774
9891
1937
7289
1418
1203
7447
3494
4950
9584
1508
1576
6741
5176
12162
11577
1502
8406
5658
4525
6664
1574
12263
10073
3441
10441
840
11081
5830
6385
5060
750
7875
11830
9873
10041
3206
7164
7123
3224
8124
9561
6545
5150
9208
6353
1512
11399
8715
8739
12432
7789
8756
10696
5412
8337
3173
137
3815
9086
4378
5927
12253
7023
9618
9933
2591
3876
1484
6170
9004
974
5651
6990
7850
3974
6415
1355
979
6884
2393
10176
10677
2226
9840
4873
3685
12521
179
10400
3498
8535
2236
1228
10981
668
4890
12703
3006
5081
10966
11427
3111
311
5939
11877
12097
12014
9233
6649
1033
11754
1023
11513
12009
8897
11256
4025
12092
6758
2725
8065
4488
4911
8286
1325
11276
9060
8629
9501
7335
7231
7070
10063
3114
5255
9142
12499
6285
9963
280
12763
4527
962
8292
2270
2667
4358
4039
10795
5925
10940
4548
4496
7710
8610
3598
9030
2841
4881
7706
6920
5370
8056
542
1159
3105
73
3324
12554
2405
4946
6874
3386
4837
120
4368
6931
7704
6822
6715
1592
5107
10814
10296
3108
8053
556
5526
1485
11116
9698
3992
7300
5282
10768
7831
2288
1489
2388
5886
6585
10523
3532
10541
5635
10753
321
10506
9224
842
9628
11937
5120
1492
688
5914
1270
9091
3774
8343
7025
1953
339
12420
8899
12274
12252
7650
8107
11770
12342
1255
12644
8387
10961
10971
5549
5404
8269
1187
6702
4390
6069
872
2278
9384
10613
8915
12618
1534
4826
5852
4665
6607
8874
8851
9067
2440
8996
12640
5790
2241
4022
2638
8151
11979
11612
8857
2942
12540
12429
6533
9667
10215
3712
1863
5051
11855
5481
7665
2256
7024
9676
2126
11218
971
3407
10119
11605
12446
7272
10374
4815
9629
4365
7167
3361
5029
5973
3070
7353
10047
8209
12293
8606
11414
12101
10652
1780
1619
9641
8132
2003
6539
4067
2386
11182
2550
7735
4015
35
6608
1443
6743
3610
138
6941
5738
7191
1742
11258
12051
6430
5874
11943
925
4131
12368
7930
6214
405
3462
5680
2933
7753
465
8493
5256
8016
5873
7944
10414
543
10626
5849
8922
5820
11490
6731
8898
4490
9045
7205
12192
2096
5659
10571
69
9793
11884
6494
5209
11075
4988
8683
10828
525
5183
755
12516
11532
1426
12155
3801
1051
12692
428
6215
8646
4688
2242
5860
2213
11620
6092
5825
3039
10026
2512
6133
4550
1712
3456
4319
2845
8584
3633
1541
3564
9170
4973
9422
248
6195
5219
6139
7175
9610
11126
6020
11630
125
11464
2826
10487
3270
4809
6927
5932
4859
7502
408
1463
1039
11988
2445
2265
7311
2289
10452
10847
5078
10825
4440
8476
3155
2572
3354
4048
6571
10377
798
3194
338
12626
10789
2019
6913
2727
2751
10733
5503
5943
2817
8403
1949
12125
227
3609
5619
4618
719
5685
2221
5692
6186
520
5991
1037
10472
10183
3623
4468
12157
2567
5171
7137
12108
8470
12317
4751
12008
9500
1419
10665
3912
1657
9782
9769
2032
6474
2354
1385
9100
9812
12422
6845
4017
1336
11859
3722
3714
9554
6875
8112
1296
3873
4967
8045
2881
10929
10151
2476
8363
6617
511
5910
8214
6945
1971
24
3223
7637
4363
9275
3889
9135
8412
9692
9715
5428
11076
4012
6116
9021
503
1205
7798
3555
4534
928
2188
10496
625
9751
12551
8256
1273
3068
10280
100
6895
10687
5043
4191
6416
4649
3375
10465
6870
4517
1158
1553
2934
3582
2068
3480
478
5035
1579
5285
3775
8999
11353
2190
1830
9483
6909
4818
9759
12103
7626
11909
4999
1866
12035
11166
2120
3679
6361
8118
12571
9695
10924
1733
3886
11918
7987
2075
7849
1222
2584
12367
10246
5850
7688
8415
11463
1515
6842
8506
8408
11664
477
11775
8863
2166
3668
1737
11562
7174
1351
3259
6404
1916
12423
977
1672
3023
7244
4798
3824
3089
2496
10559
4369
4477
3117
3143
7951
8618
1666
636
5966
8509
10413
11648
2341
11560
12711
2030
4028
10742
245
10852
7743
11037
4902
6914
3245
4783
1131
3628
12160
12282
4115
9105
3201
11199
5123
9198
1093
12655
2099
11584
1412
6769
2318
2423
6811
2159
3982
905
9096
10854
8456
10430
1152
510
11090
9536
10643
12099
5376
1882
5586
8690
2766
4869
4657
2862
7681
9061
1321
4228
7912
3059
11376
1490
7881
8744
7641
10499
9380
9619
7647
5695
3353
240
163
908
190
975
2403
12463
9167
3767
4003
315
404
9300
4947
12431
11520
8902
10528
3236
4089
12189
2535
12347
11408
3797
7151
7508
5722
12363
8786
10208
12271
11018
11010
1422
1266
7216
9966
148
90
407
8215
6610
11063
12404
11952
7292
3300
8240
1473
12543
10542
8577
4352
6212
4434
6122
7288
4330
2647
9480
1676
11446
10866
6031
9330
10509
7064
3710
10290
12241
6726
5504
11341
1998
6422
3983
3642
6847
11837
7066
12681
10052
2172
11761
9761
1695
12257
5739
9340
5431
9614
3693
3887
11684
8040
5247
2295
3716
2700
11834
7399
8009
8787
2017
6929
10843
3434
4422
12617
11663
5702
8317
10402
2750
12118
7146
2480
3328
8547
10815
11313
11883
342
2332
12740
12761
9799
10166
1933
12085
10198
106
9223
12407
7036
4605
7549
2777
2842
11161
4849
1951
9952
4388
11343
82
2233
2579
10387
5974
8088
485
9048
1692
2595
12195
10913
1406
8130
2104
3002
9672
11521
9264
12776
10272
314
5900
5538
1558
9403
2467
3471
5470
886
4691
8934
4407
9315
697
12086
2970
9348
10240
2632
8994
3103
11707
5471
7547
553
5476
9509
9
5953
9637
10574
9791
5426
6271
3313
9017
8884
3230
2328
8599
10666
4499
12466
5257
9188
4891
11095
9680
2823
12605
7714
241
10694
12128
3921
3578
9876
839
11011
9396
10078
6141
4427
12316
12314
11266
2139
12294
7454
12331
9333
566
12309
1348
5880
6887
1718
9369
1009
6489
868
7034
630
12536
6830
3690
7135
3368
1407
6016
10365
8400
11743
7929
9363
10708
9332
2839
6071
6975
9022
10620
3297
6301
12340
3612
4559
7940
43
10787
7898
8932
8431
2868
3169
5489
3358
12745
11168
822
11976
3123
12764
2846
3130
2306
1827
7747
12635
5475
10053
9336
11270
9646
2726
4243
7383
684
10570
400
7826
12034
12166
6027
1432
3566
5997
9113
12487
457
2115
10269
12239
2911
2081
7818
1944
7702
8427
11449
2378
3216
10637
10848
10908
12172
9682
4993
52
766
5934
1319
9212
8759
7389
10879
1751
484
4877
6490
10920
11862
1864
10433
11416
3131
12015
5591
1397
10740
4944
7103
9439
7734
2577
9459
1710
6492
7517
12449
7344
12549
8172
1731
12352
7788
8296
2904
7211
10210
3776
2874
12150
4851
11528
6205
1565
1946
12765
1353
4711
4310
11012
10288
550
5627
2408
8816
1185
1842
1000
3136
3177
12421
7587
8347
11555
8032
11585
11082
967
7269
10611
7569
8793
1677
3907
7914
5810
9250
1240
12277
11786
2742
1340
7185
10756
3910
1595
6431
5597
3115
4059
11996
5858
8342
8146
4379
105
8997
2397
1177
3585
3080
4476
9851
2525
10930
3342
11136
8022
1284
1767
12733
4795
12661
5071
476
12442
7094
5367
1987
6691
11100
5206
5802
10418
1215
2287
6919
7782
4742
8472
6358
10067
11930
332
2865
8113
8171
9044
6952
4265
8434
4190
12575
9875
5604
6665
2729
8649
4082
11582
416
133
5517
2222
4381
5293
5383
10313
3725
784
7157
3359
4491
8480
8197
3789
11146
3139
4037
7805
322
3093
479
5144
8249
4167
12029
5861
1165
10532
10885
4903
3052
10739
1154
3667
9115
12259
223
3987
3701
3943
5443
7793
6976
7598
9111
12227
1271
12495
10556
442
5344
7022
11086
10346
9479
8844
2747
10604
413
5805
4716
2983
9622
2063
11473
6099
3309
8352
860
10158
5511
919
6815
7290
11820
3405
5264
8556
733
533
8928
11970
58
9504
124
5380
5394
12081
8560
2602
12050
7602
1533
3632
3387
5260
1199
9651
12136
5008
3291
3695
6526
1290
1938
10373
6949
11908
3470
3817
9781
10206
5313
3252
7939
11315
11254
3951
10606
3241
6518
2134
6202
6535
5447
10932
6861
6781
3370
10159
11590
9400
837
9378
6993
10275
11223
8980
12403
4153
9508
3240
9281
5645
5630
2508
4312
11688
6531
6394
10190
555
72
1749
5005
10412
815
8548
9462
8083
3364
9123
6488
12174
1641
4403
3028
6536
10332
8810
5136
7707
4211
7586
12231
3514
5122
2160
2381
7804
6800
12291
11984
1829
9236
12250
9978
7974
10554
9082
2915
4755
9404
1030
4512
10603
10511
1292
5921
10059
10974
29
6041
9189
1789
12778
3744
5800
524
7409
7570
9730
4318
3619
1079
112
3066
7845
7691
7923
12553
3949
8231
3271
12280
8873
2520
4421
3597
6464
8682
6451
11846
2980
10152
11514
9241
1988
1141
6744
3174
2206
4552
9928
443
3697
11750
1834
2971
7184
3782
3777
1350
736
5988
10071
9210
4779
6939
9201
4447
4905
1332
3850
7016
2811
3986
8771
9491
1975
3736
5474
4771
2061
11934
10661
1769
10510
8731
1478
7246
7616
12326
2151
365
7387
3189
2398
9690
3990
5446
6313
12037
4244
7721
2807
5430
4806
12394
3330
3608
4387
6586
9655
2548
11685
4292
2606
6356
5292
10390
1007
11646
1188
4956
3599
3263
8103
6335
9574
832
11840
6534
996
10195
9984
2083
11040
3542
1583
2844
11740
3265
3205
3430
4506
150
6679
3190
1120
3160
743
5750
7312
4309
11889
11394
1272
3664
5922
1776
4855
12078
12112
9418
10905
1341
3274
8309
10744
7533
5302
7959
2319
5013
3636
12480
8187
6568
11477
3686
3948
2574
6801
6515
144
2138
3015
3134
10223
5827
7917
4301
10821
6623
10274
2358
7945
2575
4259
3846
5933
6926
6676
9539
9664
11226
4663
4231
12109
3768
12171
2076
2685
4000
11093
8114
10036
291
5184
8667
11652
6611
3827
4607
2796
11078
12419
5931
3406
5525
8426
6507
6279
3295
585
1833
1180
366
6167
3227
3363
11651
11290
2643
5117
6565
1658
2521
4401
6225
3613
4056
4063
9064
12156
184
12335
6199
7740
9529
10890
6330
5791
9175
11016
2990
7160
6692
6899
6569
4110
10535
8092
8967
6805
9650
8467
9242
4858
11732
3834
1958
11034
4733
4430
2614
10317
6003
8804
5427
3869
8626
12187
5225
3808
2892
10640
4018
11629
3548
7078
2396
6766
7620
10592
8842
1970
10164
3938
7639
12165
2323
856
2210
8498
4536
11342
7535
10393
11511
1973
11354
8774
1598
10722
5610
5331
11229
8364
2743
7419
2462
9089
11213
1994
10250
10563
4159
3904
598
4033
7155
8718
8179
3369
1354
10664
6957
7548
3812
5869
10034
12735
548
66
5935
3703
4952
6269
12225
9723
10662
2463
12358
9312
5616
12610
10588
6323
231
6347
7538
7857
2170
5674
7482
5001
518
12588
11145
12359
7339
12045
5357
10125
10054
4047
5177
2313
1379
5141
12723
7452
8322
3490
10178
9958
11278
1410
9890
203
1014
2052
4332
8617
3184
7173
4842
5006
6878
6566
10595
9905
2000
4738
829
12147
6688
11959
11779
7579
5778
2752
1052
5995
3689
2189
6107
11519
326
11722
7693
8264
5835
250
8252
4465
5295
5002
12689
4703
9109
7105
1193
1021
4686
8576
11522
12075
1246
7371
7101
7282
821
1755
849
2713
8633
10680
6995
8133
5612
12730
6197
1859
6442
8483
9826
10489
7677
6026
4350
10122
399
12593
11557
11079
1557
706
3737
1496
3229
6024
10
8815
7622
495
4692
4462
12296
1123
1635
5804
6064
10635
10348
452
6714
9813
4400
8684
7195
5128
6004
888
12089
5544
3550
9602
8421
2119
11968
4906
3492
9706
4579
5662
2527
10648
11741
8937
3875
9634
9298
11051
4502
4633
10000
2243
1396
10701
448
5324
6965
6319
9254
5236
8904
1136
541
8144
12769
3563
8445
9845
12451
7523
4922
7906
12573
4233
11917
11358
7261
4874
1884
1573
7028
10266
7701
2696
1721
7281
11935
5502
9160
3534
11273
2882
7767
10486
4715
9889
4638
11129
4485
6425
12041
9749
2357
9411
5676
1054
287
9620
972
7866
12209
9807
5450
4668
6236
9181
257
7559
6132
6111
9360
2028
6242
9253
9162
4634
9755
12083
7990
8429
10356
9675
11132
9196
11282
5301
5072
2382
11042
11148
6395
2720
8153
12179
11778
6855
675
2549
15
1042
12262
1757
9442
12602
8468
10987
6033
5178
1504
3373
4533
2693
5733
5268
6883
10853
8145
1494
11588
3005
103
7451
4570
7564
4413
4192
1311
11023
3877
3793
76
11348
9867
9990
1457
11305
5416
752
1020
5783
1391
820
3211
4847
2931
7834
6591
2427
7683
9493
7301
12261
10401
4978
7877
12010
8677
2876
1883
6816
1279
12173
1991
11639
6541
7536
4290
7679
12278
11927
5352
3805
4661
8007
11002
4651
12638
7287
12600
9389
10849
406
3791
2837
2847
9530
1477
2391
5648
9895
812
6140
1305
11517
513
2566
5334
6060
8494
7827
10254
7829
11444
12660
988
8243
9131
1814
4317
4060
7902
4901
6378
4134
9110
7931
2622
6365
8334
12413
10474
7809
5355
10160
3704
2058
9285
12547
9712
11509
7936
4382
4307
9460
9435
9094
3372
8776
458
10618
4817
8586
1819
10743
6090
221
9810
2954
11667
7483
4203
9707
10434
1393
1554
2475
6802
6915
1936
5069
2804
10982
6389
2080
5482
7986
10191
3035
4055
2735
6997
9294
8281
10258
2488
4510
8627
1413
2148
10358
5486
9764
1613
8170
11029
11504
9138
9615
11757
9862
10685
9828
9820
11355
8900
1550
1411
694
5202
4501
1445
10750
10692
9945
10729
12741
6780
9731
10002
12046
11905
8585
9365
5396
9525
11833
6247
2146
10353
6130
11453
7562
1334
8691
10810
10889
1261
8201
2767
9126
4493
7038
6485
2871
7674
4313
1905
2794
177
7407
6085
2894
4958
4767
2200
4417
8499
11489
4224
3903
5022
2362
9197
10224
10479
3041
7997
3503
4722
9946
212
623
11983
1204
11563
11021
5776
4402
11443
6551
1145
8168
11827
12152
3584
12792
11379
11053
4789
5696
3101
7071
4160
819
3638
5512
12490
411
5473
6564
7099
12178
7181
4380
8573
603
1909
3969
7365
9659
8288
6101
6582
7109
10875
2680
2951
4844
2448
1249
2615
1910
4597
9165
244
7204
10295
12181
2627
7486
9052
1927
9266
3660
4960
5519
1510
7872
2371
2203
6825
6043
12504
8285
7519
10014
9936
7624
10468
9541
11000
1312
1725
8020
4744
8803
2122
12090
2996
3778
4689
5045
12329
7436
5540
5346
5865
7223
4100
8564
11248
358
7153
11380
10941
11518
10807
11381
5300
11007
8089
3384
9010
3202
6159
10699
8497
11249
7756
2999
1150
4250
1049
2539
3902
5684
9297
1310
2935
11368
7492
9177
7267
10405
5975
8237
5336
2429
1377
10548
7790
2493
12595
167
1687
6548
10922
2098
6257
9226
6005
9102
11455
2094
3098
10302
8773
1372
10861
7258
780
10162
6254
5238
3567
6936
7217
8137
9537
7709
4480
9866
1423
2544
1194
11872
6117
8276
5403
8724
9272
9856
874
9518
4622
3496
9941
10301
11541
7149
3524
8407
1807
10184
1431
9461
7401
4775
6001
4141
6509
10715
8672
5254
4097
5358
4104
12371
909
10459
4620
1294
11809
1394
2199
7841
3530
7659
2672
11153
4156
5089
490
11316
3289
1941
5683
12544
1697
12755
8644
2282
11281
9649
9597
8354
9054
2268
7605
470
6129
10265
848
10080
12076
5926
8076
2298
1280
9051
12523
10936
4756
1495
6263
5613
11236
4328
11371
7678
5562
10736
8778
4308
1875
11257
12022
11019
5237
5212
6397
6859
8847
5556
12657
1098
539
11865
9780
3913
604
4888
6235
948
1386
1870
12582
551
10037
11440
7532
5048
7266
4013
168
6439
385
2073
1536
8161
3836
10010
843
1752
7896
11963
892
7597
3258
7423
9684
347
12455
593
5720
5233
6370
10962
5520
7320
12686
10841
12313
9609
1714
12433
312
11717
7864
3890
180
7870
2147
4132
6828
8048
6466
2375
1600
11307
12654
10569
2784
9857
8668
947
6047
3713
9122
7962
1364
10567
2399
11479
10561
11087
8263
11751
7612
9394
8507
8404
5411
7920
8728
8859
1104
4675
3833
3577
5110
6213
2112
209
7147
1258
113
5642
8360
5261
8693
8174
10319
778
5673
6200
1559
3853
1176
5951
3989
6851
11425
7749
6756
9931
2473
370
5405
12384
8583
10581
1617
7186
9964
592
4938
2316
5207
3862
8289
4230
4260
5767
1713
6812
5727
6646
5068
2515
4970
7118
3050
10731
6643
7027
3605
9665
5962
7773
12514
9552
645
10800
6662
4730
9709
11947
1638
6322
7468
1170
11748
8182
4524
8562
906
4641
1061
11556
2787
6094
9547
4276
8216
9370
4072
1985
10093
3781
2153
8698
6860
12088
6549
4626
110
11746
3351
1229
4831
7824
4631
1651
11724
11554
2764
11291
9834
9425
10460
6086
10907
6484
11308
7736
6994
5670
5221
3431
11854
2903
4803
1322
10720
12275
4681
907
653
4051
5757
9685
7247
9399
11640
3473
6221
2889
10132
5095
8825
957
9838
11296
1099
3957
9697
8622
6424
1899
8689
9947
6705
4768
2872
6320
10580
26
8846
9345
7582
4563
516
3694
9700
10117
9034
5435
7057
11911
4291
10887
12790
3204
10469
5330
5065
1362
12498
4351
5275
5792
11454
2648
4917
12021
1172
12625
5731
3728
10179
3118
8303
6231
12465
11071
8492
4832
10988
6703
3057
2782
5808
159
2457
4436
11679
11723
11790
3988
7712
6872
3075
6348
8642
8070
7618
9317
5656
4710
9904
3575
6798
5751
8603
11026
6018
2279
8592
4386
8894
3343
4521
11173
10872
7878
12624
3159
262
12391
9902
3964
3627
7391
5763
11272
7001
4531
3053
10817
3828
6158
8588
6017
165
5323
7763
11624
5203
2890
3022
5704
4839
1454
10055
7973
12443
1873
2136
2036
6045
10056
10519
2411
629
5572
7331
7892
8527
7851
5601
7176
7552
9316
11385
10123
900
5073
11192
8878
3360
2582
2026
9353
2781
3393
12353
2011
8664
5952
4184
1622
8589
9441
2652
6089
8620
12273
6869
7761
689
8705
10697
8823
2360
5381
4677
3568
6266
7350
7728
7004
4745
7652
3708
6675
12645
11151
11480
2517
9447
1977
2653
4464
9703
7867
7567
1877
5250
8004
12683
2330
5716
8821
1468
10771
7664
5441
2176
11384
9592
213
8159
2514
4437
4170
4868
4857
307
8223
3451
5726
8984
282
1417
5901
6010
12627
7608
9310
8615
194
6173
4664
897
10636
6544
5898
5049
6589
6413
2444
6933
12653
4223
11710
5020
2698
11690
2642
12324
9362
8195
7488
9296
